Tissue_Name	Gene_ID	lead_snp	lead_snp_effect	nsnps	PPH0	PPH1	PPH2	PPH3	PPH4
AOR	ENSG00000181481	rs8080149	-0.011922609	2918	0.110370492677788	0.690788619910418	0.0231004039880231	0.14454999061005	0.0311904928137204
AOR	ENSG00000264743	rs8080300	0.1063546	2907	0.102356895139674	0.640631170778507	0.0305746570411932	0.191325502571275	0.0351117744693501
AOR	ENSG00000266865	rs114112507	-0.049050833	2942	0.104038380828342	0.651206722878701	0.0276150214674496	0.172806180595434	0.0443336942300741
AOR	ENSG00000265798	rs11867581	0.021936888	2940	0.0930566994333896	0.582466943719598	0.0408161305400344	0.255450944340192	0.0282092819667862
AOR	ENSG00000196712	rs73987941	-0.002350771	2943	0.0373357778004359	0.233765702178635	0.0195204721033406	0.121633275839486	0.587744772078103
AOR	ENSG00000126861	rs9916581	-0.011082632	2995	0.111553637815738	0.698248652407069	0.0216117837188913	0.135241480771573	0.033344445286729
AOR	ENSG00000126860	rs1434688	-0.001075011	3006	0.00188189234105668	0.011777528110422	0.0119722956101682	0.0740263927677652	0.900341891170588
AOR	ENSG00000131242	rs9900051	-0.101066656	2930	0.0738576403847884	0.46208056040917	0.0594187058869688	0.37171234532629	0.0329307479927818
AOR	ENSG00000245848	rs10416088	0.091432534	4431	8.03637708107864e-05	0.61726848296802	3.80863197915951e-05	0.292448184206745	0.0901648827346325
AOR	ENSG00000124299	rs7260073	-0.003744563	4420	6.97948079816893e-05	0.536089294675831	5.65098742860395e-05	0.434018833809937	0.0297655668319637
AOR	ENSG00000230587	rs55899636	-0.0633184	4662	2.43321437374956e-23	0.609997305011913	1.23309840191399e-23	0.309051984758549	0.0809507102295394
AOR	ENSG00000115970	rs6748564	-0.01134062	4621	2.12066250615419e-23	0.531641777045908	1.17570475468622e-23	0.294570785661348	0.173787437292745
AOR	ENSG00000152518	rs2374457	-0.037887939	4645	2.63386344033037e-23	0.660299239435733	1.08623006865715e-23	0.272246165467368	0.0674545950968968
AOR	ENSG00000152527	rs7562946	0.019259751	4726	2.27158430476487e-36	5.69477280326368e-14	3.98889364290651e-23	0.999999999342833	6.57112406902978e-10
AOR	ENSG00000223658	rs4952950	-0.004750224	4727	2.19794218394366e-23	0.551015489322285	1.3599085192791e-23	0.340815565836768	0.10816894484095
AOR	ENSG00000138036	rs76809470	-0.033296486	4594	3.85462963958445e-26	0.000966340540041362	3.98475345254126e-23	0.998961998187684	7.16612722766481e-05
AOR	ENSG00000138095	rs6746894	0.008641878	4324	2.08453714026857e-29	5.22585289434075e-07	3.98889135649222e-23	0.999999426097071	5.13176414640479e-08
AOR	ENSG00000272416	rs147992869	0.038441139	5212	4.73743478671536e-08	0.692323268846568	1.90843626762357e-08	0.278867871513962	0.0288087931807589
AOR	ENSG00000185305	rs12522861	-0.012539371	4992	4.89759459340801e-08	0.715728819157806	1.74570649053627e-08	0.255086346180242	0.029184768228942
AOR	ENSG00000248727	rs4700266	-0.164129726	3898	2.63272828917463e-15	0.737117662127489	7.86167154612503e-16	0.220070177635253	0.0428121602372574
AOR	ENSG00000173930	rs6868299	0.210827904	3643	2.07173745066309e-21	0.159897324813757	1.07455250192833e-20	0.829332109611035	0.0107705655752079
AOR	ENSG00000145730	rs10060403	-0.037808022	3737	7.52406508439773e-21	0.581171260410959	4.88781882193293e-21	0.377501901927558	0.0413268376614841
AOR	ENSG00000175749	rs1376897	-0.159888577	3616	5.58175404053157e-21	0.431143935446082	6.81271968530009e-21	0.526183089550998	0.0426729750029186
AOR	ENSG00000145723	rs7733253	0.018978862	3537	7.55224717597258e-21	0.583348091884086	4.89619194971649e-21	0.37815148261057	0.0385004255053422
AOR	ENSG00000145725	rs9327861	-0.017674131	3637	1.8105901099593e-23	0.0013985298166475	1.29131854719791e-20	0.997434686373938	0.00116678380941197
AOR	ENSG00000181751	rs10069193	0.016203945	3579	9.47282975396834e-21	0.731697074123975	2.74907247341895e-21	0.212286899194905	0.0560160266811201
AOR	ENSG00000147459	rs196823	0.029503164	4116	0.56853343337416	0.0622510967692569	0.32688084781133	0.0357849977053456	0.00654962433990791
AOR	ENSG00000147437	rs117770101	-0.017190372	4231	0.54744568214695	0.0683436933198083	0.335947680893584	0.041933731735236	0.00632921190442189
AOR	ENSG00000253476	rs2979840	-0.000550236	4223	0.666470454655809	0.0833094504763882	0.217391136179674	0.0271684414508979	0.00566051723723048
AOR	ENSG00000104756	rs196837	0.028791409	4218	0.0570189567506585	0.00716424496479893	0.82686478496051	0.103887784918724	0.00506422840530802
AOR	ENSG00000184661	rs2976285	0.000468997	4327	0.615753151334467	0.095539404185244	0.243454032873771	0.0377665028740998	0.00748690873241801
AOR	ENSG00000221818	rs7833099	0.052425122	4839	0.506247606230555	0.089872702486061	0.334782620640416	0.0594233359072249	0.00967373473574319
LIV	ENSG00000181481	rs216475	0.030122599	2918	0.0895786503875869	0.560656302000292	0.0367064415884895	0.229655465569316	0.0834031404543151
LIV	ENSG00000264743	rs8080300	0.016320246	2907	0.109008104411059	0.682259748675537	0.0232699263522552	0.145601917347746	0.0398603032134034
LIV	ENSG00000266865	rs216473	0.084287734	2942	0.102920472028319	0.644209404001334	0.0288209343947982	0.180354982590046	0.0436942069855037
LIV	ENSG00000196712	rs8068557	0.040709995	2943	1.55210154910737e-06	9.71797374676351e-06	0.131476857749644	0.823153776427901	0.0453580957471586
LIV	ENSG00000126861	rs428725	0.054598158	2995	2.87068028914091e-05	0.000179684740240841	0.114817935329202	0.71851443890199	0.166459234225677
LIV	ENSG00000126860	rs1434688	-0.025618799	3006	9.63246181459172e-05	0.000602832517667935	0.0139155721246596	0.0861892299521463	0.89919604078738
LIV	ENSG00000263535	rs62064181	0.124781749	2984	0.109009453001153	0.682152293712672	0.0241670178021218	0.151197324630424	0.0334739108536284
LIV	ENSG00000131242	rs726663	-0.02935046	2930	0.00425315211868901	0.0266092838096414	0.128028603667811	0.800953873737058	0.0401550866668009
LIV	ENSG00000130876	rs10408093	-0.051862414	4414	9.34305085471348e-05	0.717633138398547	3.20400536136585e-05	0.246061209062433	0.0361801819768591
LIV	ENSG00000245848	rs7257858	-0.155301251	4431	8.37948906080331e-05	0.64362267330479	4.25194313160553e-05	0.326559075617712	0.0296919367555752
LIV	ENSG00000124299	rs10406916	-0.01529302	4420	4.08649813048772e-06	0.031388121320457	0.000106774388121915	0.819978476486152	0.148522541307139
LIV	ENSG00000230587	rs58648181	-0.067938385	4662	2.496610103454e-23	0.625890365930084	1.32018631037359e-23	0.330922345436102	0.043187288633816
LIV	ENSG00000115970	rs57908981	0.000603197	4621	1.51364562511773e-23	0.379465024547778	2.07285196753106e-23	0.519554882342933	0.100980093109287
LIV	ENSG00000152518	rs10176222	0.017164934	4645	2.59814412226095e-23	0.651344546419665	1.20980806421932e-23	0.303248732388403	0.0454067211919309
LIV	ENSG00000234936	rs766887	0.020816898	4637	1.26702128398408e-23	0.317637269022054	1.5661526209696e-23	0.392338298141399	0.290024432836544
LIV	ENSG00000152527	rs4953688	0.088695514	4726	5.99160741216481e-29	1.50207249042254e-06	3.988887088192e-23	0.999998355960288	1.41967220290109e-07
LIV	ENSG00000138036	rs1550862	-0.016549234	4594	5.2724030085392e-26	0.00132177076579963	3.9831465698073e-23	0.998559111529019	0.000119117705184763
LIV	ENSG00000138075	rs11676745	-0.03459634	4560	2.61717369035307e-23	0.656115184542212	1.14341894088644e-23	0.286593354682453	0.0572914607753362
LIV	ENSG00000143921	rs62137473	-0.03917759	4530	1.70227495583648e-24	0.0426753658309763	3.80678825186137e-23	0.954343910959861	0.00298072320916207
LIV	ENSG00000138095	rs13019238	0.005894091	4324	2.57828794480918e-25	0.00646366680571063	3.9612899972819e-23	0.99307941667842	0.000456916515870476
LIV	ENSG00000272416	rs147992869	0.024327259	5212	4.52959550475374e-08	0.661949875320204	2.03070447319306e-08	0.296723488617031	0.0413265704597672
LIV	ENSG00000185305	rs12522861	0.008712997	4995	4.61979140557021e-08	0.675130982048778	1.99849459405349e-08	0.292024848431371	0.0328441033369921
LIV	ENSG00000226221	rs10077826	-0.034218527	3894	2.44728196976333e-15	0.685195951111325	6.78087673705258e-16	0.189727557680846	0.125076491207823
LIV	ENSG00000173930	rs13172780	0.014698999	3643	5.4144786559805e-21	0.417891104915524	6.6590030568481e-21	0.51387564239422	0.0682332526902556
LIV	ENSG00000145730	rs1901520	0.025452393	3737	2.15399221495893e-21	0.16637792954223	1.0633516193353e-20	0.821338134936614	0.0122839355211579
LIV	ENSG00000145723	rs9285946	0.032170519	3537	8.50152611820261e-21	0.656671971083567	3.65015020950869e-21	0.281882207530104	0.0614458213863322
LIV	ENSG00000145725	rs9327863	0.012080026	3637	9.46058340192912e-21	0.730751145590636	2.34498910165544e-21	0.181042639487771	0.0882062149215953
LIV	ENSG00000181751	rs17151648	0.134638864	3579	8.8867136233169e-21	0.686424492537162	3.38312864676443e-21	0.2612661558288	0.0523093516340389
LIV	ENSG00000147459	rs4872292	-0.060940937	4116	0.615580080914726	0.0674024304231732	0.280925114667153	0.030754324393241	0.0053380496017069
LIV	ENSG00000147437	rs117770101	-0.101697328	4231	0.637531538664438	0.0795901061623354	0.246403286935132	0.0307555253156442	0.005719542922451
LIV	ENSG00000253476	rs2467699	-0.047991972	4223	0.678894230250431	0.0848624344239879	0.204614997950099	0.0255710150285249	0.00605732234695695
LIV	ENSG00000104756	rs1609053	-0.006201095	4218	0.677497139935831	0.0851252942889892	0.205411766322659	0.0258031522973974	0.00616264715512303
LIV	ENSG00000184661	rs2976285	0.135249789	4327	0.573701143251514	0.0890146729868224	0.284889692331865	0.0441948895823757	0.00819960184742277
MAM	ENSG00000181481	rs8080149	0.022701733	2918	0.108544857078772	0.679362302374757	0.0244274688469346	0.152852222899328	0.0348131488002085
MAM	ENSG00000264743	rs8080300	-0.113029274	2907	0.0958339048759425	0.599805089800487	0.0357240057002644	0.223544256713507	0.0450927429097992
MAM	ENSG00000266865	rs11867581	-0.03932104	2942	0.106069601841406	0.663920730621111	0.0264556168935712	0.165555462611852	0.0379985880320593
MAM	ENSG00000264107	rs11080123	-0.002193562	2928	0.0996946760891487	0.624031895981919	0.0336540222246609	0.210623016698083	0.0319963890061886
MAM	ENSG00000196712	rs61497452	0.017846454	2943	0.0449715293371856	0.281574450912645	0.0312707244379884	0.195344525077972	0.446838770234209
MAM	ENSG00000126861	rs9901970	-0.083949037	2995	0.0742779728963658	0.464928759778186	0.0285302933239029	0.178325975375895	0.253936998625651
MAM	ENSG00000126860	rs1434688	-0.018140211	3006	0.00612387714501842	0.0383253248056303	0.0396018037258622	0.247172902429879	0.66877609189361
MAM	ENSG00000131242	rs216480	0.037609702	2930	0.0992744979767154	0.621097768902831	0.0321969194569653	0.201389727896471	0.046041085767017
MAM	ENSG00000130876	rs10408093	0.02258976	4414	9.63917639585048e-05	0.740378332099264	2.91253422822036e-05	0.223673875058997	0.0358222757354974
MAM	ENSG00000245848	rs11879982	0.038195611	4431	7.09620277681486e-05	0.545054354553761	3.1597725901029e-05	0.242487559315718	0.212355526376852
MAM	ENSG00000124299	rs2216594	-0.000595744	4420	2.6498430489834e-05	0.203532688492222	9.96889066465215e-05	0.765673217476285	0.0306679066943578
MAM	ENSG00000230587	rs72803876	-0.039371222	4662	2.8004151960759e-23	0.702053111698626	9.78823235816394e-24	0.245334535764194	0.0526123525371791
MAM	ENSG00000115970	rs72876037	0.024012545	4621	2.68453716629005e-23	0.673002943886847	1.13715642276728e-23	0.285038699043498	0.0419583570696575
MAM	ENSG00000152518	rs4953719	-0.019458363	4645	2.59962401675105e-23	0.651715550166973	1.10309589816071e-23	0.276470002956091	0.0718144468769331
MAM	ENSG00000234936	rs766887	-0.017088807	4637	2.32119899518986e-23	0.58191548872048	1.00708312266502e-23	0.252306012468786	0.165778498810733
MAM	ENSG00000152527	rs7562946	0.057825387	4726	1.18883023092644e-41	2.98035078538649e-19	3.98889364483195e-23	0.999999999826017	1.73986127129197e-10
MAM	ENSG00000223658	rs72803822	-0.137151867	4727	2.66293993833494e-23	0.667588603502179	1.12327591260386e-23	0.281550006525858	0.0508613899719596
MAM	ENSG00000138036	rs6711874	0.017325217	4594	2.52276859155046e-26	0.00063244819635151	3.98610083729522e-23	0.999299786159212	6.77656444363053e-05
MAM	ENSG00000138095	rs2138806	0.010307657	4324	8.87454996096229e-29	2.22481488593152e-06	3.98888413736541e-23	0.999997616182596	1.59002522642208e-07
MAM	ENSG00000272416	rs147992869	0.025734805	5212	4.47728518529695e-08	0.65430530542295	2.17914620900027e-08	0.318430655689236	0.0272639723234998
MAM	ENSG00000185305	rs12522861	0.02767405	4995	3.73828865287056e-08	0.546309187542808	2.95691415430649e-08	0.432098428171877	0.0215923173332857
MAM	ENSG00000248727	rs4700266	0.138650624	3898	2.54027163348679e-15	0.711231423061737	9.22700058646214e-16	0.258309344715953	0.0304592322223068
MAM	ENSG00000226221	rs309621	0.137120444	3894	2.42820095085682e-15	0.67985360108409	1.04121637645879e-15	0.29149363776157	0.0286527611543377
MAM	ENSG00000225940	rs77366057	0.143944745	3895	2.47788492306379e-15	0.693764240320579	9.75237631981586e-16	0.273016181782994	0.033219577896424
MAM	ENSG00000173930	rs13172780	-0.045414345	3643	2.1194341941992e-26	1.6357857394661e-06	1.29566468583212e-20	0.999997933931065	4.302831933369e-07
MAM	ENSG00000145730	rs6882275	-0.011057901	3737	9.68054127292546e-21	0.747741056189541	2.62422335825506e-21	0.202649753402765	0.0496091904076921
MAM	ENSG00000175749	rs1910289	0.054680434	3616	9.61106399843081e-21	0.7423745163291	2.67990633682078e-21	0.206949732416816	0.0506757512540861
MAM	ENSG00000145723	rs7735587	-0.020538745	3537	4.41510380490089e-22	0.0341029937189182	1.24035370129516e-20	0.958061926214157	0.00783508006692709
MAM	ENSG00000145725	rs9327861	-0.029831609	3637	8.13325873858123e-21	0.628226388172992	4.22129599558191e-21	0.326014141234858	0.0457594705921485
MAM	ENSG00000181751	rs17151648	0.015482563	3579	9.92712929482037e-21	0.766787923790945	2.35371216617971e-21	0.181753170762074	0.0514589054469809
MAM	ENSG00000147459	rs10111861	-0.009408324	4116	0.0417498608839528	0.00457136639188559	0.855056445610114	0.0936186927293465	0.00500363438470072
MAM	ENSG00000147437	rs447825	0.01159769	4231	0.231030823119459	0.0288421303475745	0.653476055390905	0.0815755609286752	0.00507543021338588
MAM	ENSG00000253476	rs2979840	0.00489723	4223	0.597541838010204	0.0746933068278171	0.285812566772936	0.0357206151971562	0.00623167319188637
MAM	ENSG00000104756	rs196837	-0.019356502	4218	0.123774731589059	0.0155518891977274	0.759772303886215	0.0954574552595692	0.00544362006742985
MAM	ENSG00000184661	rs2976285	0.098651947	4327	0.652575039729151	0.101252637273178	0.206900201377392	0.0320951710805886	0.00717695053969072
MAM	ENSG00000221818	rs2467726	-0.059394851	4839	0.391348275047233	0.0694749499234874	0.432157793449875	0.0766894184806383	0.0303295630987661
SKM	ENSG00000181481	rs8080149	-0.015158149	2918	0.0989520443316135	0.619322651215329	0.0346375314967648	0.216759612694728	0.0303281602615646
SKM	ENSG00000266865	rs11867581	0.027478017	2942	0.10425398488996	0.652556251901427	0.02605328644825	0.163021041570358	0.0541154351900051
SKM	ENSG00000264107	rs11080123	-0.054509483	2928	0.105868089241746	0.662673946544878	0.0268181558863512	0.167829572614394	0.0368102357126314
SKM	ENSG00000196712	rs12944483	0.015287599	2943	0.0826549670608951	0.517516911441348	0.038820445898416	0.242943399257034	0.118064276342307
SKM	ENSG00000126861	rs9916581	-0.029906574	2995	0.108442204258173	0.678773229362483	0.0232389698487647	0.145415755627208	0.0441298409033715
SKM	ENSG00000126860	rs57224020	0.026322349	3006	0.104144298632467	0.651770761761723	0.0272198588905752	0.170304658003238	0.0465604227119959
SKM	ENSG00000131242	rs60183579	-0.068390665	2930	0.108076103732982	0.676163851425471	0.0243638014398407	0.152389895582523	0.0390063478191838
SKM	ENSG00000130876	rs35492529	0.035995254	4414	8.70414437854572e-05	0.66855918313862	3.8319348244346e-05	0.294291183607341	0.037024272462009
SKM	ENSG00000245848	rs7257858	-0.023320239	4431	8.68119520977397e-05	0.666796510843564	3.84229492868762e-05	0.295085984345233	0.0379922699098185
SKM	ENSG00000124299	rs10406916	-0.008379492	4420	4.0377330999181e-07	0.00310135603524008	0.00012926292809126	0.992856071268696	0.00391290599466227
SKM	ENSG00000230587	rs895509	0.072230967	4662	2.46016421168304e-23	0.616753523735294	1.28227047613395e-23	0.321398333572707	0.0618481426920022
SKM	ENSG00000115970	rs7557511	-0.005189152	4621	2.76408025580689e-23	0.692944084610433	1.01486860171632e-23	0.254370895025397	0.0526850203641675
SKM	ENSG00000152518	rs10779931	0.009246903	4645	2.45637362021043e-23	0.615803237312678	1.17216905713875e-23	0.293767758579732	0.0904290041075901
SKM	ENSG00000234936	rs76326501	-0.00792973	4637	2.71646939881653e-23	0.681008229403121	1.04556459449233e-23	0.262062015347544	0.0569297552493332
SKM	ENSG00000152527	rs10205111	-0.03834145	4726	1.2493760380004e-24	0.031321367502539	3.85051922370794e-23	0.965306702964897	0.00337192953256758
SKM	ENSG00000223658	rs80258496	0.063006793	4727	2.81252365490298e-23	0.705088654859991	9.34294800280129e-24	0.2341632958352	0.0607480493048121
SKM	ENSG00000138036	rs9678315	0.003517799	4594	7.07390475680794e-24	0.177340019199143	2.95571882172374e-23	0.740905367226455	0.0817546135744026
SKM	ENSG00000138095	rs6713591	-0.028289394	4324	4.76017216487631e-27	0.000119335650129861	3.9883746429263e-23	0.999869877295937	1.07870539353353e-05
SKM	ENSG00000185305	rs12522861	-0.034879891	4995	4.57391131169311e-08	0.668426118102241	2.08668671683379e-08	0.304919333049905	0.0266544822418745
SKM	ENSG00000226221	rs309621	-0.253839576	3894	2.66891980326874e-15	0.74725065016412	7.90467815567924e-16	0.22128563558319	0.0314637142526864
SKM	ENSG00000173930	rs13172780	0.089787665	3643	5.96427917117471e-21	0.460324875436322	6.10520467265884e-21	0.4711330062662	0.0685421182974805
SKM	ENSG00000145730	rs10060403	-0.019321766	3737	4.9582915840019e-21	0.382986661736207	5.71066070764111e-21	0.440924811586654	0.176088526677141
SKM	ENSG00000145723	rs7735587	-0.012231183	3537	5.59229590801277e-21	0.431958206766494	5.63370153345295e-21	0.435023427551487	0.133018365682018
SKM	ENSG00000145725	rs9327861	-0.013030958	3637	9.77990877698491e-21	0.755416366933181	2.36684728087166e-21	0.182757381449926	0.0618262516168948
SKM	ENSG00000181751	rs17151648	-0.146831863	3579	9.37123604364534e-21	0.723849807517964	2.38426865216383e-21	0.184072785894471	0.0920774065875667
SKM	ENSG00000147459	rs979236	-0.0209101	4116	6.40910530815195e-09	7.01759670270006e-10	0.881368771432259	0.0964825940298485	0.0221486274270288
SKM	ENSG00000147437	rs2467698	-0.010254854	4231	0.675460576767748	0.0843252070729534	0.207389082505396	0.0258837292408265	0.00694140441307651
SKM	ENSG00000253476	rs2979840	0.028316417	4223	0.672110733306885	0.0840144907548767	0.211934436778	0.0264865554894429	0.00545378367079547
SKM	ENSG00000104756	rs2433100	0.063158575	4218	0.135223109824256	0.0169903403866064	0.747084569676702	0.0938618865825938	0.00684009352984176
SKM	ENSG00000221818	rs75750095	-0.027324615	4839	0.624141827637837	0.11080212942055	0.218607446664767	0.038801112841631	0.00764748343521422
SUF	ENSG00000181481	rs72809843	-0.041224675	2918	0.0759983042940924	0.47565941281164	0.0475094701883541	0.29724945501189	0.103583357694023
SUF	ENSG00000264743	rs8080300	-0.028859561	2907	0.108504281099888	0.679106420145397	0.0227076240218982	0.142074833888683	0.047606840844133
SUF	ENSG00000266865	rs216473	0.011094571	2942	0.106638460838963	0.667481385839212	0.0230119089785278	0.143979395039556	0.058888849303742
SUF	ENSG00000264107	rs11080123	0.182845762	2928	0.113286084332251	0.709106371247011	0.0200618669002335	0.125543859700549	0.0320018178199548
SUF	ENSG00000196712	rs12944483	-0.012212167	2943	0.0978561870531468	0.612694354494889	0.0227589364901079	0.142373283799813	0.124317238162043
SUF	ENSG00000126861	rs11655579	0.052505375	2995	0.000199847327444104	0.00125090610944928	0.104321370084563	0.652738166579968	0.241489709898575
SUF	ENSG00000126860	rs57224020	-0.017633943	3006	0.10649992754117	0.66651309589248	0.026322587575217	0.164699822036061	0.0359645669550722
SUF	ENSG00000131242	rs60183579	-0.060137861	2930	0.106269013344904	0.664858029375336	0.0276302252756737	0.172836444431982	0.0284062875721047
SUF	ENSG00000130876	rs13345542	-0.148817784	4414	8.47375465125874e-05	0.650863110879276	4.01601919632474e-05	0.308427013512551	0.0405849778696982
SUF	ENSG00000245848	rs10413552	-0.004940044	4431	8.66594164018383e-05	0.665624894869629	2.84368482475888e-05	0.218305480916004	0.115954527949717
SUF	ENSG00000124299	rs62125333	0.010460062	4420	3.39062025019734e-21	2.60431294390658e-17	0.000130175460391628	0.999869083557629	7.40981983006675e-07
SUF	ENSG00000230587	rs11904803	0.124284149	4662	2.66589919490704e-23	0.668330477524171	1.04072654084187e-23	0.260835229725617	0.0708342927502092
SUF	ENSG00000115970	rs7602275	0.040963708	4621	2.71199143380594e-23	0.679885621129117	1.05310283631173e-23	0.263952590988243	0.056161787882643
SUF	ENSG00000152518	rs6735800	-0.027522659	4645	2.63511753949513e-23	0.660613637180123	1.01264920421797e-23	0.253781581011414	0.0856047818084642
SUF	ENSG00000234936	rs72803839	0.174640512	4637	3.20357528216279e-28	8.03123764845561e-06	1.54214245635546e-23	0.385995071530912	0.613996897231441
SUF	ENSG00000152527	rs62137491	0.045542665	4726	9.50464334351587e-26	0.00238277682689739	3.9787232539138e-23	0.997450155624596	0.00016706754850406
SUF	ENSG00000223658	rs73923012	-0.012289083	4727	2.73233471269291e-23	0.68498560139803	9.8162278670652e-24	0.246019990141856	0.0689944084601112
SUF	ENSG00000138036	rs7582239	0.020201216	4594	2.25588315983418e-23	0.565541064842583	1.46834983223757e-23	0.368043131033446	0.0664158041239711
SUF	ENSG00000138075	rs79177374	-0.116434544	4560	2.5350784367345e-27	6.35534226283104e-05	3.98860700689497e-23	0.999928132504973	8.31407239575429e-06
SUF	ENSG00000143921	rs114015194	-0.035032636	4530	2.21979802160567e-36	5.56494662146691e-14	3.98889364552499e-23	0.999999999999929	1.78629993989061e-14
SUF	ENSG00000138095	rs72794069	-0.053554529	4324	1.12410391687464e-23	0.28180844534064	2.68605382360772e-23	0.673338310686933	0.0448532439724248
SUF	ENSG00000272416	rs147992869	-0.018516119	5212	4.53873224078041e-08	0.663285107410429	2.11540043062853e-08	0.309114584714759	0.0276002413334845
SUF	ENSG00000185305	rs12522861	-0.020302678	4995	4.67888186969728e-08	0.683766394251098	1.78012737691199e-08	0.260089615620539	0.0561439255382699
SUF	ENSG00000226221	rs309621	0.018667122	3894	2.02248453377023e-15	0.566260133015509	1.44656355137573e-15	0.40498362102568	0.0287562459588075
SUF	ENSG00000173930	rs13172780	-0.108399505	3643	9.96781568073153e-21	0.769319037542843	2.26886431328279e-21	0.175056010909069	0.0556249515480874
SUF	ENSG00000145730	rs7736579	-0.039397001	3737	6.9312258220873e-21	0.53537937298929	3.34555989138871e-21	0.258210181789023	0.206410445221688
SUF	ENSG00000145723	rs7735587	-0.07259391	3537	7.90511341054356e-21	0.610604064819161	4.29477922757277e-21	0.331678149578317	0.0577177856025244
SUF	ENSG00000145725	rs9327861	-0.039106175	3637	9.35911375907147e-21	0.722913462161327	2.92602108765628e-21	0.225959592583012	0.0511269452556596
SUF	ENSG00000181751	rs62369304	-0.070437332	3579	8.70232843392849e-21	0.672182274837559	3.17867236693732e-21	0.245443549005608	0.08237417615683
SUF	ENSG00000147459	rs11781903	-0.008633821	4116	0.659720952621022	0.0722355985620462	0.236047412693713	0.0258396593081503	0.00615637681506824
SUF	ENSG00000147437	rs117770101	-0.119234026	4231	0.65223728210298	0.0814259866019472	0.232055999370169	0.0289647984928596	0.00531593343204453
SUF	ENSG00000253476	rs2979840	0.080201583	4223	0.619049719510201	0.0773818127865717	0.264687695689029	0.0330804172287119	0.00580035478548641
SUF	ENSG00000104756	rs2433100	0.00058417	4218	0.663701479497165	0.0833919147873965	0.219356731434997	0.0275554596742532	0.0059944146061882
SUF	ENSG00000184661	rs2467701	-0.040855922	4327	0.473351111325563	0.0734445013370344	0.371539610264607	0.0576235289168843	0.0240412481559113
SUF	ENSG00000221818	rs2467726	-0.008569571	4839	0.601607908487341	0.106801746630127	0.240062688650578	0.0426087296896006	0.00891892654235369
VAF	ENSG00000181481	rs8080149	-0.014716811	2918	0.112240931641715	0.702495353469083	0.0211927981867985	0.132610366593286	0.0314605501091169
VAF	ENSG00000264743	rs8080300	-0.064393369	2907	0.110627299103205	0.692393961812156	0.0230086386379508	0.143976436861061	0.029993663585627
VAF	ENSG00000266865	rs11867581	-0.013500317	2942	0.107243947514949	0.671271304433449	0.0240029725614576	0.15019435394814	0.047287421542005
VAF	ENSG00000265798	rs11867581	-0.050246147	2940	0.107748654544283	0.674427847585882	0.0258547000471516	0.161801363330587	0.030167434492096
VAF	ENSG00000264107	rs216471	-0.088855238	2928	0.102228979292192	0.639895190741754	0.0270928991599085	0.169524861206079	0.0612580696000657
VAF	ENSG00000196712	rs116691607	0.046809096	2943	0.107616564679464	0.673805751223791	0.0247604255354213	0.154990440081163	0.0388268184801607
VAF	ENSG00000126861	rs6505191	0.076617244	2995	4.60222484697535e-10	2.88067458883129e-09	0.102751585200324	0.642899539280933	0.254348872177846
VAF	ENSG00000126860	rs1434688	0.027855082	3006	0.100238842836424	0.627329079090288	0.0266877783758969	0.166942474136671	0.0788018255607205
VAF	ENSG00000263535	rs9900051	0.10434638	2984	0.0760073206245415	0.475633687497146	0.0310573162795373	0.194125285632149	0.223176389966626
VAF	ENSG00000131242	rs60183579	0.02655326	2930	0.108089324529126	0.676246565588276	0.0253993634434223	0.158876370290753	0.0313883761484229
VAF	ENSG00000130876	rs35492529	-0.026505388	4414	5.53251947679062e-06	0.0424948914130907	0.000124383305044152	0.955377384700456	0.00199780806193194
VAF	ENSG00000245848	rs10416088	0.015900847	4431	8.654317741269e-05	0.664732071352647	3.91562735756005e-05	0.300722168945496	0.0344200602508692
VAF	ENSG00000124299	rs12610266	-0.014800691	4420	8.34111344643316e-07	0.00640675396009766	0.000129130881654144	0.991844125086211	0.00161915596069304
VAF	ENSG00000230587	rs6729628	0.047387296	4662	2.59817040700527e-23	0.651351135902028	1.18073341469816e-23	0.295952542128721	0.052696321969253
VAF	ENSG00000115970	rs4953698	0.014292653	4621	2.58866087590962e-23	0.648967133734832	1.21632893285939e-23	0.304882745194016	0.0461501210711539
VAF	ENSG00000152518	rs6746422	0.027935955	4645	2.61576521389257e-23	0.655762085014958	1.19024869535697e-23	0.298344788884736	0.0458931261003043
VAF	ENSG00000234936	rs58853165	0.01472936	4637	5.88858025514993e-25	0.0147624398603751	1.21138401385523e-23	0.303006992938211	0.682230567201412
VAF	ENSG00000152527	rs4953689	-0.008752968	4726	1.74426829246994e-24	0.0437281223184943	3.80302752919482e-23	0.953401222597955	0.00287065508355138
VAF	ENSG00000223658	rs1374310	-0.037296396	4727	2.41177140510371e-23	0.604621636831362	1.24589039134417e-23	0.312256715425076	0.0831216477435649
VAF	ENSG00000229695	rs73923012	-0.002242577	4734	2.75039843660404e-23	0.689514106170622	1.0187435840535e-23	0.255339876910383	0.0551460169189955
VAF	ENSG00000138036	rs12990300	-0.029335609	4594	2.57071442497766e-23	0.644468028838391	1.17863766050639e-23	0.295419728848106	0.0601122423135011
VAF	ENSG00000138075	rs7558452	-0.020195022	4560	1.00172153255811e-24	0.0251127661345857	3.87374101877202e-23	0.97112792857953	0.0037593052858874
VAF	ENSG00000143921	rs10168954	0.036737815	4530	3.41967882654626e-30	8.57300076271135e-08	3.98889327735132e-23	0.999999907693653	6.57634494464575e-09
VAF	ENSG00000138095	rs4952958	0.011102101	4324	1.66551237612512e-24	0.0417537423689772	3.80838467911289e-23	0.954743607086287	0.00350265054473958
VAF	ENSG00000272416	rs147992869	-0.052957628	5212	4.15421576970621e-08	0.607092312751612	2.37474400254112e-08	0.346996444978166	0.0459111769806262
VAF	ENSG00000185305	rs12522861	-0.024010991	4995	3.87181855285869e-08	0.565823092954893	2.80224631131708e-08	0.409492356008261	0.0246844842961962
VAF	ENSG00000248727	rs159545	-0.027328882	3898	2.74450900630885e-15	0.768414298861218	6.90353728054972e-16	0.19324857674259	0.038337124396187
VAF	ENSG00000226221	rs309621	-0.149509192	3894	2.52179598246414e-15	0.706058565405251	8.69919825370985e-16	0.243511836417829	0.0504295981769167
VAF	ENSG00000173930	rs1354619	-0.030234622	3643	6.3153730039558e-21	0.487422403939432	6.05035880895937e-21	0.466922873266264	0.0456547227943071
VAF	ENSG00000145730	rs1901520	-0.024715302	3737	9.16377602879943e-21	0.7078252520469	3.01110761852327e-21	0.232523292772537	0.0596514551805622
VAF	ENSG00000145723	rs7735587	-0.000482952	3537	9.58931249174054e-21	0.740694393892993	2.59490881935825e-21	0.200376129534973	0.0589294765720332
VAF	ENSG00000145725	rs9327861	-0.00948752	3637	9.50030197086276e-21	0.73381907369997	2.81432455936415e-21	0.217334247835543	0.0488466784644889
VAF	ENSG00000181751	rs6871899	-0.053714343	3579	8.58691053312392e-21	0.663267204841198	3.70909218147586e-21	0.286446142326596	0.0502866528322086
VAF	ENSG00000147459	rs1425735	-0.000158394	4116	0.572221250501308	0.0626548912470715	0.321257193585452	0.0351670903999823	0.0086995742661861
VAF	ENSG00000147437	rs117770101	-0.021458912	4231	0.670536401965715	0.0837104679243982	0.213160112533238	0.026605144215314	0.00598787336133478
VAF	ENSG00000253476	rs2979840	0.006330652	4223	0.621835079717393	0.0777299855024346	0.26128528425655	0.0326544176356678	0.00649523288795471
VAF	ENSG00000104756	rs1609053	0.010230132	4218	0.65469862297756	0.0822607353838267	0.228508249007315	0.0287054853590078	0.00582690727228982
VAF	ENSG00000184661	rs2976285	0.148595216	4327	0.554224251362386	0.0859926654787246	0.305453717326665	0.0473868322222512	0.00694253360997355
VAF	ENSG00000221818	rs2467726	-0.010256312	4839	0.57902220187221	0.102792170157909	0.259983540499778	0.0461420809692656	0.0120600065008375
