Tissue_Name	Gene_ID	lead_snp	lead_snp_effect	nsnps	PPH0	PPH1	PPH2	PPH3	PPH4
AOR	ENSG00000181481	rs917630	-0.027657676	2920	0.000351744499151274	0.799094636966819	7.36864055955246e-05	0.167367975112784	0.0331119570156502
AOR	ENSG00000264743	rs2014455	0.302449194	2909	0.000319052445087161	0.724805083140456	9.5363884997866e-05	0.216584019112926	0.0581964814165326
AOR	ENSG00000266865	rs11650851	0.053884972	2944	0.000311966936729599	0.709106798257006	8.2866519414202e-05	0.188254935955043	0.102243432331807
AOR	ENSG00000265798	rs11650851	0.084053244	2942	0.000297407463424657	0.676000865019523	0.000130510968057168	0.296621716559905	0.0269494999890912
AOR	ENSG00000196712	rs11651814	-0.000934589	2943	0.000211078678689232	0.480079792834953	0.000110359438096802	0.250733920026745	0.268864849021515
AOR	ENSG00000126861	rs9911455	0.012129669	2995	0.00035434029817605	0.805831396655574	6.86479261188902e-05	0.156079644046003	0.0376659710741282
AOR	ENSG00000126860	rs2253256	-0.005540924	3006	3.76130191729003e-05	0.0855508556490144	0.000239287962708874	0.543890466400429	0.370281776968674
AOR	ENSG00000131242	rs9915182	0.135327707	2930	0.000236225862778171	0.537576931076873	0.000190044455660711	0.432452801673223	0.0295439969314656
AOR	ENSG00000245848	rs6510338	0.088728162	4431	1.77961146830223e-53	0.616064780366235	8.43400587139341e-54	0.291875826143042	0.0920593934907257
AOR	ENSG00000124299	rs10426804	0.009645184	4420	1.56160903001797e-53	0.540803825711797	1.26436811737359e-53	0.437844401972586	0.0213517723156137
AOR	ENSG00000230587	rs2374493	0.027884784	4662	4.12947510811891e-06	0.604858985169449	2.09272524916011e-06	0.306440255827079	0.088694536803115
AOR	ENSG00000115970	rs4952966	-0.005346	4621	3.51571846052003e-06	0.514689753796193	1.94912999978838e-06	0.285146137133816	0.200158644221531
AOR	ENSG00000152518	rs80168958	-0.0004727	4645	4.49968053751306e-06	0.658784868505088	1.85571059773129e-06	0.27161948995359	0.069589286150186
AOR	ENSG00000152527	rs10207292	0.011395453	4726	3.0487109480899e-19	4.46319465020525e-14	5.35352515615927e-06	0.783518855092616	0.216475791382187
AOR	ENSG00000223658	rs4953698	0.022882451	4727	3.92229688874531e-06	0.574253995862046	2.42679948231222e-06	0.355231331236721	0.0705083238048605
AOR	ENSG00000138036	rs4952665	-0.010483458	4594	6.59680353909258e-09	0.000965813045546009	6.81949710763118e-06	0.998416157096641	0.000611203763902817
AOR	ENSG00000138095	rs6544684	-0.006124743	4324	3.56889403798914e-12	5.2258116213163e-07	6.82930052209927e-06	0.999991527177743	1.12093700392267e-06
AOR	ENSG00000272416	rs173905	0.053273718	5214	0.000383726896883809	0.688823330215235	0.000154657997183501	0.277591580418332	0.0330467044723667
AOR	ENSG00000185305	rs72755369	0.006536688	4994	0.000396547154455009	0.712320543747667	0.000141425663601394	0.254010819632276	0.0331306638020006
AOR	ENSG00000248727	rs160923	0.033766082	3901	1.90731514094953e-41	0.737258868225844	5.70096699262607e-42	0.220324337631348	0.0424167941428057
AOR	ENSG00000173930	rs72779982	0.019690211	3643	3.36798294682384e-11	0.159368579414976	1.74687893043742e-10	0.826586380048835	0.0140450403278207
AOR	ENSG00000145730	rs10067645	-0.026444766	3737	1.22035264469044e-10	0.576534819834361	7.92771269148458e-11	0.374482299381932	0.048982880582393
AOR	ENSG00000175749	rs62369308	-0.130200231	3616	5.94882643448122e-11	0.280926907404922	7.26074396333741e-11	0.342504227800776	0.376568864662208
AOR	ENSG00000145723	rs7733501	0.011884635	3537	9.92512221386794e-11	0.468596793154443	6.43454886356187e-11	0.303567815472176	0.227835391209783
AOR	ENSG00000145725	rs924679	-0.019021277	3637	2.40646552049009e-13	0.0011365752703719	1.71629875956352e-10	0.810420606046065	0.188442818511691
AOR	ENSG00000181751	rs78857908	0.02401077	3579	1.51827703769229e-10	0.716767243216349	4.40613176817144e-11	0.207934890150402	0.0752978664373599
AOR	ENSG00000147459	rs2950302	-0.036200791	4126	1.56844340488929e-24	0.616246243042921	9.03351624927004e-25	0.354900781892617	0.0288529750644646
AOR	ENSG00000147437	rs2950300	-0.011465189	4241	1.52351210560958e-24	0.598539697248238	9.36393663293824e-25	0.367845825186487	0.0336144775652759
AOR	ENSG00000253476	rs77186550	-0.007518387	4233	1.84944043908583e-24	0.726545200548825	6.05186787910659e-25	0.237709437938032	0.0357453615131461
AOR	ENSG00000104756	rs2979841	-0.008282279	4228	1.63554128476576e-25	0.0642523444949788	2.37199588968944e-24	0.931836198386561	0.00391145711846024
AOR	ENSG00000184661	rs2950296	0.000709562	4337	1.74717389353585e-24	0.68650422123306	6.92467943024753e-25	0.27204489823095	0.0414508805359876
AOR	ENSG00000221818	rs77804262	-0.095080601	4849	1.48833503795899e-24	0.585431368902346	9.85691679843418e-25	0.387691489172775	0.0268771419248827
LIV	ENSG00000181481	rs9895981	0.035046569	2920	0.000263543230114764	0.598718621902455	0.000108042859037295	0.245296609745419	0.155613182262974
LIV	ENSG00000264743	rs2014455	-0.185627723	2909	0.000339651471119023	0.771600771452942	7.256981304032e-05	0.164796757335829	0.0631902499270699
LIV	ENSG00000266865	rs11650851	0.099838332	2944	0.000327579348598351	0.744594108256517	9.17957712091164e-05	0.208607159694388	0.0463793569292881
LIV	ENSG00000196712	rs9913111	0.038195061	2943	9.28590563997429e-10	2.11199713945869e-06	7.865991085478e-05	0.17808317672528	0.821836050438135
LIV	ENSG00000126861	rs7212107	0.074958675	2995	1.66118810474036e-08	3.77783034399734e-05	6.64421562725807e-05	0.15025136178286	0.849644401145545
LIV	ENSG00000126860	rs4795695	0.065893528	3006	2.24783397862321e-06	0.00511270098643652	0.000324734179650809	0.738352059265324	0.256208257734611
LIV	ENSG00000263535	rs7212682	-0.056289158	2984	0.000348419399080328	0.792536103574454	7.72433728301506e-05	0.175671139400348	0.0313670942532878
LIV	ENSG00000131242	rs9915182	0.017988264	2930	1.40296883863893e-05	0.031927227349371	0.000422322400863852	0.961068470622787	0.00656794993859113
LIV	ENSG00000130876	rs1974783	-0.058343924	4414	2.07354906853942e-53	0.717954093943708	7.1108061338485e-54	0.24617157996061	0.0358743260956844
LIV	ENSG00000245848	rs6510338	-0.16416393	4431	1.85777987805532e-53	0.643125071358885	9.4267971892012e-54	0.326305703796743	0.0305692248443671
LIV	ENSG00000124299	rs10426804	-0.053867838	4420	1.05488286246866e-54	0.0365318512338711	2.75625899202217e-53	0.954516399273214	0.00895174949291066
LIV	ENSG00000230587	rs13416780	0.101301284	4662	4.27598266466187e-06	0.626318470854688	2.26110347365475e-06	0.331149385381964	0.0425256066772103
LIV	ENSG00000115970	rs4952966	-0.005051454	4621	2.703248722142e-06	0.395746825257259	3.70194604300597e-06	0.54189051022809	0.0623562593198847
LIV	ENSG00000152518	rs80168958	0.003136059	4645	4.46070235187062e-06	0.653078188066566	2.0770955818567e-06	0.304058540767675	0.0428567333678261
LIV	ENSG00000234936	rs62135362	0.00648252	4637	2.60117756926375e-06	0.380848126434574	3.21529016063549e-06	0.470614113440889	0.148531943656808
LIV	ENSG00000152527	rs7587206	-0.0156896	4726	1.02602594756616e-11	1.50206221518578e-06	6.83072399918459e-06	0.999991515255249	1.51948276907833e-07
LIV	ENSG00000138036	rs4952665	0.000840123	4594	8.99005143077903e-09	0.00131619941393166	6.7917214334532e-06	0.994345905846003	0.00433109402857966
LIV	ENSG00000138075	rs13000202	-0.00999997	4560	4.51610883483456e-06	0.661213751746042	1.97304611455032e-06	0.288828211375815	0.0499515477231923
LIV	ENSG00000143921	rs7589073	0.041670932	4530	2.91547364012861e-07	0.0426824023699313	6.51985789005474e-06	0.954501440075952	0.00280934614886269
LIV	ENSG00000138095	rs12712872	-0.014340153	4324	4.4143033143156e-08	0.00646371601801973	6.78214999188574e-06	0.993086992124574	0.000442465564381825
LIV	ENSG00000272416	rs173905	-0.004450305	5214	0.000370392800989158	0.664887462247283	0.000166127034976485	0.298176152866	0.036399865050751
LIV	ENSG00000185305	rs72755369	0.010075396	4997	0.00036773228772833	0.660560205727033	0.000159153926682647	0.285836289259842	0.0530766187987147
LIV	ENSG00000226221	rs71624119	0.067597004	3897	1.75878125988754e-41	0.679788310525354	4.87726657809459e-42	0.188379888372487	0.131831801102161
LIV	ENSG00000173930	rs72779982	0.00030871	3643	9.27035534523422e-11	0.438661176546415	1.14011576190809e-10	0.539466100383606	0.0218727228632645
LIV	ENSG00000145730	rs10067645	0.023719704	3737	3.3559140264043e-11	0.158544441806277	1.6566989376956e-10	0.782620358162663	0.0588351998318303
LIV	ENSG00000145723	rs7733501	-0.032468385	3537	1.4123881951212e-10	0.666833681904918	6.06412189370441e-11	0.286259701146437	0.0469066167467653
LIV	ENSG00000145725	rs2123135	-0.018402918	3637	1.63177359646986e-10	0.770687757959549	4.04466737147591e-11	0.190991589069914	0.0383206527669135
LIV	ENSG00000181751	rs78857908	-0.021551083	3579	1.39688340874867e-10	0.659458218182159	5.31786718537659e-11	0.250962956886835	0.0895788247381402
LIV	ENSG00000147459	rs2950302	0.046237687	4126	1.66931381287964e-24	0.655878536923901	7.63459446664528e-25	0.299921367202266	0.0442000958738303
LIV	ENSG00000147437	rs2950300	-0.015813444	4241	1.77618444653046e-24	0.697806664593584	6.88269091179625e-25	0.270367320761511	0.0318260146449079
LIV	ENSG00000253476	rs77186550	0.064506095	4233	1.88812042228551e-24	0.741740475593708	5.70939455466139e-25	0.224257254916346	0.0340022694899442
LIV	ENSG00000104756	rs2979841	-0.00601319	4228	1.88252269835276e-24	0.73955025202254	5.72675392601123e-25	0.224940386704073	0.0355093612733904
LIV	ENSG00000184661	rs2950296	-0.006559831	4337	1.6367585591653e-24	0.643119533873271	8.14354055616701e-25	0.319941225971395	0.0369392401553326
MAM	ENSG00000181481	rs917630	-0.030267739	2920	0.000348023210909308	0.790640598640881	7.84007654777324e-05	0.178080337096915	0.0308526402858169
MAM	ENSG00000264743	rs2014455	0.005549769	2909	0.000311531361383951	0.707719115667859	0.000116188311623202	0.263922024934106	0.0279311397250282
MAM	ENSG00000266865	rs11650851	-0.060590036	2944	0.000341163540643947	0.77547123590774	8.51579178761482e-05	0.193535004363747	0.0305674382699919
MAM	ENSG00000264107	rs11080126	-0.072962063	2929	0.000308685223186819	0.701804381026931	0.000104234219512559	0.236918512900574	0.0608641866297949
MAM	ENSG00000196712	rs9913111	0.011520483	2943	0.000209392376197744	0.476244446907084	0.000145599924930305	0.330961717660937	0.19243884313085
MAM	ENSG00000126861	rs11080124	-0.071380606	2995	0.00025891088030417	0.588808321714438	9.9448101123251e-05	0.225977402893561	0.184855916410575
MAM	ENSG00000126860	rs9890393	-0.012579338	3006	1.52625828457975e-05	0.0347147623504976	9.86998589122032e-05	0.223751523597635	0.74141975161011
MAM	ENSG00000131242	rs9915182	-0.102920824	2930	0.000321764147283005	0.732235585014649	0.00010435524273958	0.237450337424285	0.0298879581710437
MAM	ENSG00000130876	rs1974783	0.043218557	4414	2.11799888851933e-53	0.733344581062547	6.39965906298885e-54	0.22153929168004	0.0451161272574109
MAM	ENSG00000245848	rs6510338	0.048385249	4431	1.38959781860735e-53	0.48105010007294	6.1875530288512e-54	0.213895267495203	0.305054632431864
MAM	ENSG00000124299	rs10426804	0.033746776	4420	5.99164335140111e-54	0.207497752923539	2.2540971811377e-53	0.780608835370473	0.0118934117059815
MAM	ENSG00000230587	rs10199788	-0.020343704	4662	4.79833725470278e-06	0.702829615481655	1.67715273248333e-06	0.245607000943385	0.0515569080849731
MAM	ENSG00000115970	rs74321189	-0.048056972	4621	4.60027506611871e-06	0.67346531520194	1.9486533483768e-06	0.285235222647649	0.0412929132219957
MAM	ENSG00000152518	rs80168958	-0.024615207	4645	4.5182905267385e-06	0.661509501776839	1.9172417682818e-06	0.280639831009963	0.057844231680902
MAM	ENSG00000234936	rs62135362	-0.095839772	4637	4.01211312186676e-06	0.587428472228068	1.74070875423776e-06	0.254705812380783	0.157859962569273
MAM	ENSG00000152527	rs10207292	0.020613513	4726	1.86295404619728e-24	2.72729250956879e-19	6.25078784352524e-06	0.915006122610303	0.0849876266018516
MAM	ENSG00000223658	rs79931708	0.07513215	4727	4.51181125809707e-06	0.660563368105063	1.90316305504219e-06	0.278576643825681	0.0608535730949424
MAM	ENSG00000138036	rs4952665	0.017574003	4594	4.31932142344603e-09	0.000632375506402357	6.82474437021746e-06	0.999184824190125	0.000175971239780736
MAM	ENSG00000138095	rs11897432	-0.004280364	4324	1.51939512349713e-11	2.22479922609762e-06	6.8292940297458e-06	0.999990577276555	3.68614993329638e-07
MAM	ENSG00000272416	rs173905	0.055863421	5214	0.000360329170067398	0.646822364851511	0.000175449807029164	0.31491001183714	0.0377318443342525
MAM	ENSG00000185305	rs72755369	0.045668258	4997	0.000299570034705573	0.538119850658744	0.000237012918223031	0.425712412316705	0.0356311540716228
MAM	ENSG00000248727	rs160923	0.194691791	3901	1.83937019916231e-41	0.710995242562608	6.6852611064693e-42	0.25838330980739	0.0306214476300063
MAM	ENSG00000226221	rs71624119	-0.137204355	3897	1.75921008023993e-41	0.679954054310279	7.54749144375495e-42	0.291690494087587	0.028355451602131
MAM	ENSG00000225940	rs6876431	0.029964661	3898	1.79615944652589e-41	0.694062292176127	7.07575028686225e-42	0.273384791655569	0.0325529161683051
MAM	ENSG00000173930	rs6894257	-0.089778855	3643	3.45695397525581e-16	1.63578572943495e-06	2.11332496123017e-10	0.999997927792842	4.36210093234714e-07
MAM	ENSG00000145730	rs10067645	-0.023650918	3737	1.5437739019802e-10	0.729329683772607	4.18489774406667e-11	0.197635330493748	0.0730349855374187
MAM	ENSG00000175749	rs62369308	0.004278072	3616	1.58107352803724e-10	0.74664490803895	4.40859510191418e-11	0.208145936042698	0.0452091557161596
MAM	ENSG00000145723	rs10062073	0.028391216	3537	3.3150377281928e-12	0.0156513543626356	9.31307506639545e-11	0.43915489421553	0.545193751325387
MAM	ENSG00000145725	rs2123135	-0.019008435	3637	1.22740057561792e-10	0.579702110505813	6.37041228044675e-11	0.300755454459131	0.119542434848614
MAM	ENSG00000181751	rs78857908	0.008066392	3579	1.63328661654347e-10	0.771062405910721	3.87250580308516e-11	0.182771939336063	0.0461656545511627
MAM	ENSG00000147459	rs2950302	-0.00498777	4126	1.18074917031847e-25	0.0463919984563397	2.4183836512137e-24	0.950186961763399	0.00342103978026112
MAM	ENSG00000147437	rs2950300	9.08e-05	4241	6.48218974179006e-25	0.25466472312698	1.83418761707274e-24	0.720569509116544	0.0247657677564776
MAM	ENSG00000253476	rs77186550	-0.011818078	4233	1.6686755199027e-24	0.655532432749169	7.99740384358434e-25	0.314144454111859	0.0303231131389731
MAM	ENSG00000104756	rs2979841	-0.008208604	4228	3.53755448335598e-25	0.138973055251796	2.17184593685757e-24	0.853203248532876	0.00782369621532853
MAM	ENSG00000184661	rs2950296	0.105468983	4337	1.82608177578923e-24	0.717508916561856	5.80746620321939e-25	0.228134152405611	0.0543569310325348
MAM	ENSG00000221818	rs77804262	0.066338791	4849	1.18137603391028e-24	0.464690120894389	1.30575570172931e-24	0.513592709972036	0.0217171691335715
SKM	ENSG00000181481	rs917630	-0.001819191	2920	0.000312887053156635	0.710818127240394	0.000109584813149537	0.248915396780322	0.0398440041129772
SKM	ENSG00000266865	rs11650851	0.14798279	2944	0.000340368427408337	0.773663928355645	8.51273760268103e-05	0.193463702722738	0.0324468731181813
SKM	ENSG00000264107	rs9896063	-0.051669335	2929	0.000338710361895024	0.770067363196332	8.58323888704007e-05	0.195107906662842	0.0344001873900606
SKM	ENSG00000196712	rs216473	0.016828771	2943	0.000197347724738907	0.448849952053148	9.26880373173214e-05	0.210470356507326	0.340389655677469
SKM	ENSG00000126861	rs9911455	0.082741513	2995	0.000349555234996565	0.794949331689049	7.49090598271455e-05	0.170321911507347	0.0343042925087804
SKM	ENSG00000126860	rs2253256	0.082728398	3006	0.00033565349234015	0.763444256874992	8.77286689487516e-05	0.199502329045375	0.0366300319183431
SKM	ENSG00000131242	rs9915182	-0.085744609	2930	0.000339654664648071	0.772948863854575	7.65689964920147e-05	0.174194891179962	0.052440021304322
SKM	ENSG00000130876	rs1974783	-0.080557665	4414	1.93135914265869e-53	0.668721673572034	8.50266497817507e-54	0.294362827585728	0.0369154988422436
SKM	ENSG00000245848	rs6510338	-0.007520493	4431	1.94248353894647e-53	0.672447731485876	8.59742750900257e-54	0.297595248503154	0.0299570200109713
SKM	ENSG00000124299	rs10426804	-0.021225061	4420	8.99043363920925e-56	0.00311349435961986	2.87817383728985e-53	0.996745774763778	0.000140730876597296
SKM	ENSG00000230587	rs10199788	-0.033711007	4662	4.22725076469038e-06	0.619180535211444	2.20329961107309e-06	0.322667026534863	0.0581460077033169
SKM	ENSG00000115970	rs4952966	-0.021087834	4621	4.74974949738683e-06	0.695347886031242	1.74393331047062e-06	0.2552567786694	0.0493888416165495
SKM	ENSG00000152518	rs80168958	0.03541131	4645	4.31280301873496e-06	0.63142468579691	2.05804776867073e-06	0.301245340119843	0.06732360323246
SKM	ENSG00000234936	rs72788819	-0.08381853	4637	4.67378545541436e-06	0.6843063907227	1.79893231875295e-06	0.263336050873195	0.0523510856863317
SKM	ENSG00000152527	rs10205111	-0.03834145	4726	2.13964847321065e-07	0.0313236242515438	6.59429773542072e-06	0.965376333622199	0.00329323386367516
SKM	ENSG00000223658	rs56061602	0.012151709	4727	4.83510487134657e-06	0.707896003678346	1.60617790084473e-06	0.235099621717787	0.0569979333210955
SKM	ENSG00000138036	rs9678315	0.003517799	4594	1.18044291265198e-06	0.172824180348174	4.93229334412223e-06	0.722013249522644	0.105156457392925
SKM	ENSG00000138095	rs12712872	0.007885672	4324	8.14978608711841e-10	0.000119334579261708	6.82840852164454e-06	0.999860902735845	1.29334613925516e-05
SKM	ENSG00000185305	rs72755369	0.081086031	4997	0.000361325790628293	0.649052167995202	0.000164915281473789	0.296184292450465	0.0542372984822321
SKM	ENSG00000226221	rs71624119	0.084417315	3897	1.932826429593e-41	0.747058683804599	5.73475467846934e-42	0.221623260775111	0.0313180554202961
SKM	ENSG00000173930	rs72779982	0.340906736	3643	9.46166449017901e-11	0.447713676853074	9.68522709931999e-11	0.458198281159677	0.0940880417957807
SKM	ENSG00000145730	rs1562961	-0.0210916	3737	2.67046952128054e-11	0.126161783728929	3.07568546701348e-11	0.144576258894122	0.729261957319488
SKM	ENSG00000145723	rs7733501	-0.048816023	3537	7.98203772334972e-11	0.376857553932508	8.04113711108933e-11	0.379404086864378	0.243738359042881
SKM	ENSG00000145725	rs2123135	-0.016558461	3637	1.64156321204548e-10	0.775311399925309	3.97276652922586e-11	0.187596936484242	0.0370916633865653
SKM	ENSG00000181751	rs78857908	0.007523675	3579	1.62718811483381e-10	0.768183348828475	4.13995933439603e-11	0.195407977659052	0.0364086733083542
SKM	ENSG00000147459	rs2950302	0.055947488	4126	1.85068778509115e-32	7.27140929059117e-09	2.54515692493657e-24	0.99999999238544	3.43148708965595e-10
SKM	ENSG00000147437	rs2950300	-0.046177667	4241	1.83762430126194e-24	0.721944439353991	5.65998015578704e-25	0.222306961641514	0.0557485990044984
SKM	ENSG00000253476	rs77186550	-0.142603762	4233	1.86724670472767e-24	0.733540320028408	5.90621005252128e-25	0.231988603384445	0.0344710765871442
SKM	ENSG00000104756	rs2979841	0.014891795	4228	3.78209607914631e-25	0.148579887560112	2.0899486319627e-24	0.821007250500443	0.0304128619394429
SKM	ENSG00000221818	rs77804262	-0.011518214	4849	1.81766111324545e-24	0.714970625960071	6.38514756730931e-25	0.251123635112865	0.0339057389270643
SUF	ENSG00000181481	rs7218912	0.061016779	2920	0.000231155959955926	0.525141084933519	0.00014454945486891	0.328241819947246	0.14624138970441
SUF	ENSG00000264743	rs2014455	0.132617897	2909	0.000341349092809894	0.775457331243472	7.1507572230037e-05	0.162385064965318	0.06174474712617
SUF	ENSG00000266865	rs11650851	0.067676678	2944	0.000340421462233703	0.773784477525393	7.35292434453742e-05	0.167074646066971	0.0587269257019578
SUF	ENSG00000264107	rs9896063	0.010552349	2929	0.000360871522476786	0.820451373886437	6.39400842611977e-05	0.145335759584816	0.0337880549220085
SUF	ENSG00000196712	rs11651814	-0.024625661	2943	0.000327326496356881	0.744475176442434	7.61280729042693e-05	0.173064514346963	0.082056854641341
SUF	ENSG00000126861	rs9911455	-0.021504902	2995	9.62839322120906e-08	0.000218966389003292	5.02607257948138e-05	0.113415306750574	0.886315369850697
SUF	ENSG00000126860	rs2253256	-0.024368127	3006	0.000340776325996966	0.775096147957532	8.42264862682485e-05	0.191540301969155	0.0329385472610474
SUF	ENSG00000131242	rs9915182	-0.097183238	2930	0.000338090585051594	0.769389502912696	8.79044486678474e-05	0.20001313967525	0.0301713623783342
SUF	ENSG00000130876	rs1974783	-0.149852408	4414	1.90478447048127e-53	0.659520350596624	9.02746340098212e-54	0.312542640895762	0.0279370085076074
SUF	ENSG00000245848	rs6510338	0.014082989	4431	2.07233951265229e-53	0.717401190903981	6.80027707150872e-54	0.235364330073626	0.0472344790223889
SUF	ENSG00000124299	rs7249197	-0.010038251	4420	7.52112117191073e-70	2.60465393400325e-17	2.88757023484926e-53	1	2.64336100553078e-15
SUF	ENSG00000230587	rs13416780	-0.036945833	4662	4.58527913491296e-06	0.671622230827657	1.79002330695358e-06	0.262124867968261	0.0662465259016406
SUF	ENSG00000115970	rs4952966	-0.024230884	4621	4.6053557042087e-06	0.674209104102282	1.78832170849461e-06	0.261740440623257	0.064044061597049
SUF	ENSG00000152518	rs62135366	-0.005582688	4645	4.48099279496905e-06	0.656048851600804	1.72200052556337e-06	0.252021060657471	0.0919238847484053
SUF	ENSG00000234936	rs935388	-0.03569991	4637	1.35392484739729e-10	1.98233195440949e-05	6.51754619756065e-06	0.954212528508052	0.0457611304908134
SUF	ENSG00000152527	rs6717568	0.021428649	4726	1.62757795658131e-08	0.0023827110383019	6.81317754845089e-06	0.997422595171102	0.000187864337269579
SUF	ENSG00000223658	rs79931708	-0.028440979	4727	4.68769767607875e-06	0.686314472931845	1.68410950336862e-06	0.246499217050683	0.0671799382102915
SUF	ENSG00000138036	rs13393779	0.046174693	4594	3.88227860751798e-06	0.568389721380247	2.52696737293236e-06	0.369902029835109	0.0617018395386645
SUF	ENSG00000138075	rs13000202	-0.17820667	4560	4.3406960017841e-10	6.35531160451727e-05	6.82950485343516e-06	0.999923310837135	6.3061078986453e-06
SUF	ENSG00000143921	rs10445925	0.238028757	4530	3.80117868290007e-19	5.56490841798142e-14	6.83057528033902e-06	0.999993134942638	3.44820290789717e-08
SUF	ENSG00000138095	rs12712872	-0.01244786	4324	1.91332681057118e-06	0.28016201589702	4.57190720377059e-06	0.669398576847564	0.0504329220214011
SUF	ENSG00000272416	rs173905	-0.056683621	5214	0.00036815231866271	0.660865600579714	0.000171662759281277	0.308119186464032	0.0304753978783106
SUF	ENSG00000185305	rs72755369	-0.025527248	4997	0.000387795397102568	0.696599716256936	0.00014761995972243	0.265133084643732	0.0377317837425069
SUF	ENSG00000226221	rs71624119	0.173468771	3897	1.46551556869987e-41	0.566437893794019	1.04853336711667e-41	0.405241363679336	0.0283207425266476
SUF	ENSG00000173930	rs72779982	-0.052506525	3643	1.65652336868838e-10	0.783845346617741	3.77056205262836e-11	0.178380325588885	0.0377743275900163
SUF	ENSG00000145730	rs10067645	-0.039397001	3737	1.21925576200196e-10	0.576016616292182	5.8850963442855e-11	0.277885254145941	0.1460981293811
SUF	ENSG00000145723	rs7733501	-0.079966643	3537	1.15888038077621e-10	0.54714452717021	6.29609611920429e-11	0.297103101200033	0.155752371450908
SUF	ENSG00000145725	rs2123135	-0.051294998	3637	1.53763037113884e-10	0.72622384984484	4.80722748626934e-11	0.226998897552575	0.0467772524007503
SUF	ENSG00000181751	rs78857908	-0.072251227	3579	1.45564346641596e-10	0.687198402285469	5.31698349233699e-11	0.250948964590644	0.0618526329251541
SUF	ENSG00000147459	rs2950302	0.014832384	4126	1.81368736269993e-24	0.712603349176723	6.50759631295611e-25	0.255653719904268	0.031742930919009
SUF	ENSG00000147437	rs2950300	0.035222299	4241	1.80563018048763e-24	0.709374961703323	6.44277617431257e-25	0.253078742482756	0.0375462958139195
SUF	ENSG00000253476	rs77186550	0.062259519	4233	1.72100709888257e-24	0.676090682012799	7.37550049658542e-25	0.289709355666234	0.03419996232097
SUF	ENSG00000104756	rs2979841	0.024868606	4228	1.84987398671707e-24	0.726724184671794	6.1329852830731e-25	0.240902347569923	0.0323734677582835
SUF	ENSG00000184661	rs2950296	0.105843402	4337	1.38810679629815e-24	0.545418620726106	1.0912967824756e-24	0.428769427353886	0.0258119519200047
SUF	ENSG00000221818	rs77804262	0.02580791	4849	1.75198559231231e-24	0.689137390067171	7.00797034623736e-25	0.275620814696653	0.0352417952361791
VAF	ENSG00000181481	rs917630	-0.00975811	2920	0.000358174005727566	0.813701217128995	6.7695649775865e-05	0.153759148963109	0.032113764252392
VAF	ENSG00000264743	rs2014455	-0.19292267	2909	0.000352479618986261	0.800743023532885	7.3376176852598e-05	0.166659627247209	0.0321714934240666
VAF	ENSG00000266865	rs11650851	-0.047783314	2944	0.000348064532495862	0.791157322030228	7.79708091254822e-05	0.177197917785871	0.0312187248422794
VAF	ENSG00000265798	rs11650851	-0.043197088	2942	0.000343161932820513	0.779999804837465	8.24108677039961e-05	0.187285868004085	0.0322887543579251
VAF	ENSG00000264107	rs9896063	-0.090229796	2929	0.000314273072159344	0.714508510006444	8.33210225105477e-05	0.189336889058489	0.095757006840398
VAF	ENSG00000196712	rs11651814	0.028263968	2943	0.000346094204495491	0.787160669317043	7.9629374940332e-05	0.181078638157304	0.0313349689462174
VAF	ENSG00000126861	rs11650766	-0.007582945	2995	2.8565974402259e-13	6.49639884819501e-10	6.3777830293386e-05	0.144186115935423	0.855750105584358
VAF	ENSG00000126860	rs2253256	0.029868738	3006	0.000334830433431084	0.76157220843356	8.91458854477837e-05	0.202727142972615	0.0352766722749467
VAF	ENSG00000263535	rs7212682	-0.139401688	2984	0.000262692260456251	0.597535903829406	0.000107338563577021	0.244000777214363	0.158093288132197
VAF	ENSG00000131242	rs9915182	0.042283971	2930	0.000342660656698201	0.779789571142701	8.05200938682355e-05	0.183202220591136	0.0365850275155963
VAF	ENSG00000130876	rs1974783	0.01809516	4414	1.22697675381178e-54	0.042483343989223	2.75851579902592e-53	0.955117371531487	0.00239928447928506
VAF	ENSG00000245848	rs6510338	0.009602712	4431	1.93369419316748e-53	0.669405041284482	8.74895758427674e-54	0.302843112305367	0.0277518464101541
VAF	ENSG00000124299	rs10426804	-0.059546256	4420	1.85272786653898e-55	0.00641621749725413	2.86825475289138e-53	0.993310545067602	0.000273237435142988
VAF	ENSG00000230587	rs13416780	-0.024891013	4662	4.49117850317411e-06	0.657838974813966	2.04100720867804e-06	0.298910379929207	0.0432441130711162
VAF	ENSG00000115970	rs4952966	-0.060952748	4621	4.4482875836562e-06	0.651214841847154	2.09010803231575e-06	0.305942185016867	0.0428364347403644
VAF	ENSG00000152518	rs62135366	0.01829287	4645	4.48711298697865e-06	0.656944890742841	2.04176596213808e-06	0.298884728915826	0.0441638514623842
VAF	ENSG00000234936	rs62135362	-0.011279692	4637	9.99520680412555e-08	0.0146343557227997	2.05618896458199e-06	0.300369314463221	0.684994173672945
VAF	ENSG00000152527	rs6717568	0.050995134	4726	2.98704746343727e-07	0.043729216989479	6.51265850758405e-06	0.953425121510431	0.00283885013683681
VAF	ENSG00000223658	rs62137541	0.02601194	4727	4.14696924984076e-06	0.607147732562354	2.14227149830321e-06	0.313565505482159	0.0792804727147397
VAF	ENSG00000229695	rs56061602	-0.038043686	4734	4.70394309425246e-06	0.688693500770911	1.74233368636559e-06	0.25503480663343	0.0562652463188789
VAF	ENSG00000138036	rs9677470	0.041885003	4594	4.38004110644547e-06	0.641265245442599	2.00818937819885e-06	0.293946626648902	0.0647817396780129
VAF	ENSG00000138075	rs13000202	-0.038807402	4560	1.71809995760684e-07	0.0251550917037532	6.64403635522927e-06	0.97276638136345	0.00207171108644531
VAF	ENSG00000143921	rs10445925	0.036091467	4530	5.85585262228045e-13	8.57294178218552e-08	6.83057454894546e-06	0.999993027845581	5.58498677087153e-08
VAF	ENSG00000138095	rs12712872	0.025647535	4324	2.85189203974037e-07	0.041759296872854	6.52117757053236e-06	0.954870756685468	0.00336314007490272
VAF	ENSG00000272416	rs2607501	-0.034851869	5214	0.000291002546473205	0.522375014080605	0.000166408898106627	0.29853989401327	0.178627680461546
VAF	ENSG00000185305	rs12519736	0.009159227	4997	0.000296433798191972	0.532486206005373	0.00021460905321446	0.385422235910474	0.081580515232746
VAF	ENSG00000248727	rs160923	0.40548065	3901	1.98299929291728e-41	0.766514029590836	4.99434166280793e-42	0.193012189767234	0.0404737806419307
VAF	ENSG00000226221	rs71624119	-0.008262833	3897	1.83344603404206e-41	0.708647067345122	6.32978234272249e-42	0.244606306194203	0.0467466264606709
VAF	ENSG00000173930	rs72779982	0.035308637	3643	1.05129599277806e-10	0.497459611758719	1.00718009320182e-10	0.476558559134966	0.025981828900467
VAF	ENSG00000145730	rs10067645	-0.017048863	3737	1.52735500603201e-10	0.721572856056819	5.01870656855761e-11	0.237058874836551	0.0413682689037066
VAF	ENSG00000145723	rs7733501	-0.031422766	3537	1.5623492279868e-10	0.737635086245072	4.22778358105698e-11	0.199544376789848	0.0628205367665662
VAF	ENSG00000145725	rs2123135	-0.023101759	3637	1.57349948750639e-10	0.743164857428921	4.66126052142108e-11	0.220114925102344	0.0367202172647725
VAF	ENSG00000181751	rs78857908	-0.04388844	3579	1.42402123103915e-10	0.672269781281082	6.15102019978936e-11	0.290347684361961	0.0373825341530453
VAF	ENSG00000147459	rs2950302	-0.023901686	4126	1.57929355285768e-24	0.620509299587478	8.88218956678601e-25	0.348953425644395	0.030537274768123
VAF	ENSG00000147437	rs2950300	0.051669601	4241	1.84527491070291e-24	0.724950121712339	5.88423777813195e-25	0.231129161879517	0.0439207164081402
VAF	ENSG00000253476	rs77186550	-0.052171842	4233	1.7341124564609e-24	0.681239068761991	7.30334141846521e-25	0.286876931413458	0.0318839998245522
VAF	ENSG00000104756	rs2979841	0.009938306	4228	1.82217364436606e-24	0.715842087375049	6.37731234078535e-25	0.250499466757943	0.033658445867012
VAF	ENSG00000184661	rs2950296	-0.086624392	4337	1.54505650226382e-24	0.607087717354299	8.53065027247324e-25	0.335130801841267	0.0577814808044319
VAF	ENSG00000221818	rs77804262	-0.010878942	4849	1.68062201746311e-24	0.66106677810938	7.56236778316265e-25	0.297421573646798	0.0415116482438209
