Tissue_Name	Gene_ID	lead_snp	lead_snp_effect	lead_snp_info	nsnps	PPH0	PPH1	PPH2	PPH3	PPH4
Adipose Subcutaneous	ENSG00000267714.1	rs10402712	0.00852813	rs10402712	6945	7.4678642011453e-05	0.575827878930423	5.07291531219562e-05	0.391126584856593	0.0329201284178504
Adipose Subcutaneous	ENSG00000245848.2	rs10402712	-0.0272048	rs10402712	6923	7.68299469498175e-05	0.592415950361376	4.67199420199947e-05	0.36019818821157	0.0472623115380839
Adipose Subcutaneous	ENSG00000267296.2	rs141731732	0.480841	rs141731732	6923	2.88020711977678e-17	2.22085359399589e-13	0.000129670663177694	0.999857102522304	1.32268142944737e-05
Adipose Subcutaneous	ENSG00000267130.1	rs73927890	0.101095	rs73927890	6929	6.94773412559853e-05	0.535721900598557	4.91061851433302e-05	0.37855955773726	0.0855999581377826
Adipose Subcutaneous	ENSG00000230587.1	rs13414381	-0.175928	rs13414381	6544	1.45183839502369e-23	0.367977659162546	1.88972424056722e-23	0.478809393972827	0.153212946864626
Adipose Subcutaneous	ENSG00000234936.1	rs10179816	0.45137	rs10179816	6519	1.70097975039385e-27	4.31124117517645e-05	6.34721555050807e-24	0.16003428546964	0.839922602118609
Adipose Subcutaneous	ENSG00000229695.1	rs13414381	0.092754	rs13414381	6803	2.36527542286443e-23	0.599494073420034	1.29898732604576e-23	0.329165244573293	0.0713406820066739
Adipose Subcutaneous	ENSG00000143921.6	rs55877805	-0.0486311	rs55877805	6696	5.72061176925447e-27	0.00014499253739557	3.94484437812069e-23	0.999845844891798	9.16257080452119e-06
Adipose Subcutaneous	ENSG00000270307.1	rs78789339	-0.243314	rs78789339	38	0.99643421520954	0.000841713148531047	0.00265060072039233	2.16772617939294e-06	7.1303195357024e-05
Adipose Subcutaneous	ENSG00000174132.8	rs115432167	0.0979659	rs115432167	1662	0.0270587911463672	0.768689133636389	0.00441965354832964	0.125479654381869	0.0743527672870454
Adipose Subcutaneous	ENSG00000270906.1	rs73167384	0.0824564	rs73167384	32	0.997016123981329	0.000507558717282446	0.0024328160591138	1.19618745161374e-06	4.23050548234559e-05
Adipose Subcutaneous	ENSG00000270225.1	rs78789339	-0.15945	rs78789339	38	0.995310867241675	0.000840764228130187	0.00374336065037761	3.06016357120538e-06	0.000101947716245722
Adipose Subcutaneous	ENSG00000173930.8	rs74567345	-0.342967	rs74567345	6903	5.81237408811743e-21	0.521398365400433	4.36628710866787e-21	0.391590283815501	0.087011350784065
Adipose Subcutaneous	ENSG00000175749.11	rs17154965	0.791889	rs17154965	6222	1.96440561773542e-51	1.76337598409018e-31	1.11400270586591e-20	0.999999999999986	9.06765987412521e-15
Adipose Subcutaneous	ENSG00000226221.1	rs256904	0.0322735	rs256904	6495	2.27357159267851e-15	0.58514385302778	1.46652413905908e-15	0.377398462103483	0.0374576848687351
Adipose Subcutaneous	ENSG00000095015.5	rs256904	0.0737418	rs256904	6161	8.99204928494798e-16	0.231426289022697	2.78149837241598e-15	0.715815032803383	0.0527586781739183
Adipose Subcutaneous	ENSG00000271828.1	rs256904	-0.0795415	rs256904	5867	1.93003365277184e-15	0.496728289398485	1.77048079441461e-15	0.455616885095548	0.0476548255059623
Adipose Subcutaneous	ENSG00000250961.1	rs465002	-0.0346791	rs465002	4359	2.59335168729419e-15	0.667444915060558	1.14128412346067e-15	0.293690786243976	0.0388642986954634
Adipose Subcutaneous	ENSG00000249436.1	rs252912	-0.0222612	rs252912	3402	0.0469549190220223	0.313248004201532	0.0808287764758145	0.539209217144563	0.0197590831560682
Adipose Subcutaneous	ENSG00000253476.1	rs142182394	0.0619967	rs142182394	6305	0.452493702847923	0.11940450109823	0.33004641006725	0.087082010870428	0.0109733751161692
Adipose Visceral_Omentum	ENSG00000267714.1	rs73927890	-0.0342661	rs73927890	6945	5.05546276662004e-05	0.389813783901974	7.5880124366525e-05	0.585067209027325	0.0249925723186671
Adipose Visceral_Omentum	ENSG00000270212.1	rs10402712	0.0311468	rs10402712	6925	7.67728333340991e-05	0.591975562037314	4.79361184299132e-05	0.369584758936087	0.038314970074835
Adipose Visceral_Omentum	ENSG00000245848.2	rs10402712	0.00961688	rs10402712	6923	7.28624700832645e-05	0.561823757189995	5.12808613245796e-05	0.395370844369131	0.0426812551094657
Adipose Visceral_Omentum	ENSG00000267296.2	rs10417411	0.040013	rs10417411	6923	8.31090083441458e-06	0.064083217698884	0.000120595092974456	0.929871813255757	0.00591606305155104
Adipose Visceral_Omentum	ENSG00000267130.1	rs73927890	0.0242202	rs73927890	6929	7.66742810746471e-05	0.591215651632313	4.87182481061098e-05	0.375620836905953	0.0330381189325528
Adipose Visceral_Omentum	ENSG00000230587.1	rs13413856	-0.155978	rs13413856	6544	1.93540421594345e-23	0.490540486707938	1.80345813430008e-23	0.457045500556861	0.0524140127351977
Adipose Visceral_Omentum	ENSG00000234936.1	rs10179816	0.429512	rs10179816	6519	6.47286861296202e-25	0.0164058964718702	1.50773402823102e-23	0.381542710896228	0.602051392631901
Adipose Visceral_Omentum	ENSG00000229695.1	rs55877805	-0.193499	rs55877805	6803	1.99025263938893e-23	0.504442167871216	1.64951173661851e-23	0.41800166648236	0.07755616564642
Adipose Visceral_Omentum	ENSG00000143921.6	rs17406174	-0.236999	rs17406174	6696	8.98852193555927e-24	0.22781979540666	2.89936710934026e-23	0.734825647830291	0.0373545567630455
Adipose Visceral_Omentum	ENSG00000270307.1	rs78789339	0.213132	rs78789339	38	0.994835025754562	0.000840362272807692	0.00423785770644923	3.49656774178994e-06	8.32576984392716e-05
Adipose Visceral_Omentum	ENSG00000270225.1	rs78789339	0.0786159	rs78789339	38	0.995114129354201	0.000840598038667627	0.00394895283848634	3.24270313587979e-06	9.30770655095899e-05
Adipose Visceral_Omentum	ENSG00000271207.1	rs78789339	0.211917	rs78789339	39	0.994327853233032	0.000882670308709476	0.00468477980162387	4.05806622741525e-06	0.00010063859040719
Adipose Visceral_Omentum	ENSG00000270906.1	rs10071800	0.158815	rs10071800	32	0.996704568712157	0.000507400111429461	0.00273899318583565	1.34666914537349e-06	4.76913214328941e-05
Adipose Visceral_Omentum	ENSG00000174132.8	rs115432167	-0.0912394	rs115432167	1662	0.0274038265758763	0.77849093830492	0.00410021395678012	0.116405732589647	0.0735992885727771
Adipose Visceral_Omentum	ENSG00000173930.8	rs116234738	0.0673928	rs116234738	6903	6.60028420216409e-21	0.592077753773982	3.97371711197766e-21	0.356410335750801	0.0515119104752164
Adipose Visceral_Omentum	ENSG00000175749.11	rs116234738	0.648611	rs116234738	6222	3.81941881161986e-34	3.42855433968718e-14	1.11400270586584e-20	0.999999999999929	3.44754456558046e-14
Adipose Visceral_Omentum	ENSG00000226221.1	rs256904	0.0170913	rs256904	6495	2.38479438862949e-15	0.613769006322648	1.37475767250661e-15	0.353785751669183	0.0324452420081635
Adipose Visceral_Omentum	ENSG00000095015.5	rs465002	-0.027195	rs465002	6161	2.16922259961111e-15	0.558287794454713	1.58398786595683e-15	0.407633208023461	0.0340789975218219
Adipose Visceral_Omentum	ENSG00000271828.1	rs465002	-0.027508	rs465002	5867	3.82028885448672e-16	0.0983218891013617	3.48188200715533e-15	0.896118345026008	0.00555976587262345
Adipose Visceral_Omentum	ENSG00000250961.1	rs465002	-0.0243557	rs465002	4359	2.65559500397771e-15	0.683464333259972	1.07869288615984e-15	0.277581734888248	0.038953931851777
Adipose Visceral_Omentum	ENSG00000249436.1	rs252912	0.00409711	rs252912	3402	0.0964577548096028	0.643493798161968	0.0286523572732819	0.191106749531578	0.0402893402235698
Adipose Visceral_Omentum	ENSG00000253476.1	rs142182394	0.0403351	rs142182394	6305	0.433693869485918	0.114443581843019	0.348943343415681	0.0920686758150425	0.0108505294403393
Liver	ENSG00000245848.2	rs4805891	-0.101564	rs4805891	6917	6.70712919716732e-05	0.517169446647129	5.36173807911086e-05	0.41336045549329	0.0693494091868179
Liver	ENSG00000267296.2	rs73927890	-0.0735249	rs73927890	6917	7.01157542167971e-05	0.540644510394428	5.1278746363454e-05	0.395333296749984	0.0639007983550062
Liver	ENSG00000267130.1	rs73927890	0.0629108	rs73927890	6923	7.0664480803657e-05	0.544875600402938	5.14922161541407e-05	0.396985191558964	0.0580170513411412
Liver	ENSG00000230587.1	rs13414381	-0.195016	rs13414381	6541	2.15706804579259e-23	0.546722591760726	1.49666678628567e-23	0.379265687829792	0.0740117204094843
Liver	ENSG00000234936.1	rs4372955	0.371445	rs4372955	6515	1.24318740417776e-23	0.315093740775626	1.3490438866011e-23	0.341580412498077	0.343325846726298
Liver	ENSG00000143921.6	rs10195132	-0.0743067	rs10195132	6693	2.29233383289635e-23	0.581006564325325	1.46287074600807e-23	0.370725610740687	0.0482678249339893
Liver	ENSG00000270307.1	rs78789339	0.133744	rs78789339	38	0.995689871709878	0.000841084382776995	0.00338313409189999	2.77468368349957e-06	8.31351317616367e-05
Liver	ENSG00000270225.1	rs78789339	0.218773	rs78789339	38	0.995881168369405	0.000841245975896879	0.00319822063112518	2.62487759861048e-06	7.67401459741168e-05
Liver	ENSG00000271207.1	rs78789339	0.589077	rs78789339	39	0.994786237788912	0.000883077219202962	0.0042231757040756	3.64507210376881e-06	0.00010386421570603
Liver	ENSG00000270906.1	rs77062142	-0.429516	rs77062142	32	0.996782773492355	0.00050743992374239	0.00266202807225676	1.30872945837367e-06	4.64497821877436e-05
Liver	ENSG00000174132.8	rs115432167	0.422358	rs115432167	1662	0.0272114579918443	0.773026110279213	0.00417702727702603	0.11858445222891	0.0770009522230068
Liver	ENSG00000173930.8	rs116234738	0.0495234	rs116234738	6903	6.35469106978261e-21	0.570046849390339	4.19907793663787e-21	0.376624486486818	0.0533286641228418
Liver	ENSG00000226221.1	rs465002	0.0558501	rs465002	6494	2.26343172819208e-15	0.582534179598591	1.45601339542587e-15	0.374688016248316	0.0427778041530869
Liver	ENSG00000095015.5	rs465002	-0.0305892	rs465002	6160	2.31971639422567e-15	0.597020033686198	1.39716069604875e-15	0.359540571778734	0.0434393945350625
Liver	ENSG00000271828.1	rs256904	-0.0495804	rs256904	5866	2.34153127814893e-15	0.602634479817261	1.36473933463476e-15	0.351193628613654	0.0461718915690837
Liver	ENSG00000249198.1	rs252912	-0.215407	rs252912	2917	0.000638590837400247	0.00420607506920346	0.130984119354948	0.862724741586939	0.00144647315150981
Liver	ENSG00000253476.1	rs142182394	0.252854	rs142182394	6304	0.477140875378213	0.125851642891422	0.304038941150599	0.080181139007354	0.0127874015724117
Muscle Skeletal	ENSG00000245848.2	rs10421445	-0.28167	rs10421445	6923	5.34849632077838e-09	4.12408788066432e-05	0.000129666429209275	0.999824464084923	4.62325856455954e-06
Muscle Skeletal	ENSG00000267296.2	rs73024238	0.484035	rs73024238	6923	8.82610679847619e-17	6.80558383103593e-13	0.000129670589542322	0.999856534170492	1.37952392830741e-05
Muscle Skeletal	ENSG00000267130.1	rs10406327	-0.11482	rs10406327	6929	5.63394954108903e-05	0.434419351901808	6.86751945107722e-05	0.529500798618871	0.0359548347893995
Muscle Skeletal	ENSG00000230587.1	rs13411629	-0.112374	rs13411629	6544	2.33830911601283e-23	0.592659291735292	1.37922083817513e-23	0.349514452063118	0.0578262562015922
Muscle Skeletal	ENSG00000234936.1	rs4372955	0.106495	rs4372955	6519	2.21548993872188e-23	0.561529991453181	1.54235831823693e-23	0.390872911328548	0.0475970972182727
Muscle Skeletal	ENSG00000270307.1	rs78789339	-0.243062	rs78789339	38	0.994238865539249	0.000839858681216595	0.00482329515589229	3.980358975503e-06	9.40002646671192e-05
Muscle Skeletal	ENSG00000270230.1	rs77062142	-0.0921068	rs77062142	18	0.997978505396463	0.000190631447313804	0.00181018206031623	3.25420936643373e-07	2.03556749705995e-05
Muscle Skeletal	ENSG00000270906.1	rs76891138	-0.270509	rs76891138	32	0.996914896492941	0.000507507184621214	0.00252878087143956	1.23977037579893e-06	4.75756806228068e-05
Muscle Skeletal	ENSG00000270225.1	rs78789339	-0.16029	rs78789339	38	0.995068352385119	0.000840559369705655	0.00400322505134991	3.29705917569901e-06	8.45661346497546e-05
Muscle Skeletal	ENSG00000271207.1	rs78789339	0.0250591	rs78789339	39	0.9960665522603	0.000884213761406854	0.00297280956787423	2.5651201272896e-06	7.38592902919595e-05
Muscle Skeletal	ENSG00000174132.8	rs115432167	0.146072	rs115432167	1662	0.0239642880825191	0.68078014811233	0.00748986536517088	0.212697856397752	0.0750678420422279
Muscle Skeletal	ENSG00000175749.11	rs39666	0.535759	rs39666	6222	1.44411471640005e-47	1.29632963079523e-27	1.11400270586592e-20	1	5.80967625580701e-15
Muscle Skeletal	ENSG00000226221.1	rs256904	0.0577407	rs256904	6495	2.3225290880083e-15	0.597743930168132	1.27412222790966e-15	0.327843473107095	0.074412596724773
Muscle Skeletal	ENSG00000095015.5	rs465002	-0.0106587	rs465002	6161	2.39258228503961e-15	0.615773359177452	1.38228782708039e-15	0.355727716422359	0.0284989244001851
Muscle Skeletal	ENSG00000271828.1	rs256904	-0.0106051	rs256904	5867	1.25573571642658e-21	3.23185791844269e-07	3.88549040112465e-15	0.999999661987474	1.48267296512529e-08
Muscle Skeletal	ENSG00000253476.1	rs142182394	0.242007	rs142182394	6305	0.450442463132504	0.118863217864208	0.331418093276141	0.0874431123001763	0.0118331134269719
Pancreas	ENSG00000245848.2	rs73927890	0.0821964	rs73927890	6923	7.49594786993057e-05	0.577993251007288	4.82698973721655e-05	0.372147020896613	0.0497364987200272
Pancreas	ENSG00000267296.2	rs10402712	-0.0737018	rs10402712	6923	1.07700957113293e-05	0.0830454365727671	0.000117471679796503	0.905782850577133	0.0110434710745925
Pancreas	ENSG00000230587.1	rs17406174	-0.180981	rs17406174	6544	2.12795090799875e-23	0.539342668317722	1.40618518174178e-23	0.356302207272608	0.104355124409673
Pancreas	ENSG00000234936.1	rs10195132	0.400474	rs10195132	6519	2.04624151461745e-23	0.518632903779807	1.43695465922015e-23	0.364088002730538	0.117279093489652
Pancreas	ENSG00000270307.1	rs78789339	0.109145	rs78789339	38	0.994627263096766	0.000840186770443188	0.00443159642857071	3.64617390174653e-06	9.730753031849e-05
Pancreas	ENSG00000174132.8	rs115432167	-0.14196	rs115432167	1662	0.027188872127705	0.772384488551036	0.00425955564121446	0.120930691692895	0.0752363919871504
Pancreas	ENSG00000270906.1	rs17783497	-0.104345	rs17783497	32	0.996526667309892	0.000507309545785271	0.00291905667977872	1.44050082002202e-06	4.55259637243457e-05
Pancreas	ENSG00000173930.8	rs116234738	-0.224759	rs116234738	6903	5.04412687020514e-21	0.452482834918356	5.53291162348685e-21	0.496277977179777	0.0512391879018651
Pancreas	ENSG00000226221.1	rs256904	0.0446222	rs256904	6495	2.32594346379205e-15	0.598622680152615	1.39874395972222e-15	0.359950064821525	0.0414272550258551
Pancreas	ENSG00000095015.5	rs256904	0.00502658	rs256904	6161	1.74404347838139e-15	0.448860429147857	2.03489134585266e-15	0.523687819163672	0.0274517516884704
Pancreas	ENSG00000271828.1	rs465002	-0.0166644	rs465002	5867	2.16027256104211e-15	0.555984343765111	1.59298648614677e-15	0.409949174568136	0.0340664816667518
Pancreas	ENSG00000253476.1	rs73221948	-0.202302	rs73221948	6305	0.478459295859274	0.126256328338536	0.30159696886976	0.0795716007993759	0.0141158061330536
