Tissue_Name	Gene_ID	lead_snp	lead_snp_effect	lead_snp_info	nsnps	PPH0	PPH1	PPH2	PPH3	PPH4
Adipose Subcutaneous	ENSG00000267714.1	rs3786897	-0.0140055	rs3786897	7203	1.64924427469634e-53	0.570894889377938	1.16418565311078e-53	0.402963063278503	0.0261420473435531
Adipose Subcutaneous	ENSG00000245848.2	rs3786897	0.000810712	rs3786897	7173	1.72400258380952e-53	0.596654389889968	1.09079777697277e-53	0.37748475788181	0.0258608522282288
Adipose Subcutaneous	ENSG00000267296.2	rs7251505	0.440846	rs7251505	7173	6.46556435242988e-66	2.23764592363256e-13	2.88944922157847e-53	0.999999987580054	1.2419733243073e-08
Adipose Subcutaneous	ENSG00000267130.1	rs3786897	0.0370266	rs3786897	7179	1.61692448026236e-53	0.559603700589106	1.18228958263621e-53	0.409149041424285	0.0312472579866137
Adipose Subcutaneous	ENSG00000230587.1	rs6752964	-0.134842	rs6752964	6941	2.53340221241013e-06	0.374710532319332	3.39470171009436e-06	0.501980341704479	0.123303197872266
Adipose Subcutaneous	ENSG00000234936.1	rs11694173	0.323083	rs11694173	6911	1.73803309499752e-09	0.000256950785690587	6.46715480626769e-06	0.956060389627171	0.0436761906942989
Adipose Subcutaneous	ENSG00000229695.1	rs6752964	0.0970908	rs6752964	7295	3.97543882519081e-06	0.587689756326896	2.36817790045129e-06	0.350025839113936	0.0622780609424413
Adipose Subcutaneous	ENSG00000143921.6	rs6752964	-0.0320732	rs6752964	7191	9.8392598077613e-10	0.000145433026259437	6.76439766294403e-06	0.99983823249888	9.56909327240126e-06
Adipose Subcutaneous	ENSG00000270307.1	rs62386385	-0.0282731	rs62386385	38	0.997074645254975	0.000254464335324009	0.00265230431939955	6.58969899218872e-07	1.79271204023734e-05
Adipose Subcutaneous	ENSG00000174132.8	rs111299306	0.117664	rs111299306	1733	0.8323029878329	0.0202882329045755	0.141527142343227	0.00344743401594638	0.00243420290335129
Adipose Subcutaneous	ENSG00000270906.1	rs62386385	0.065776	rs62386385	32	0.997323180616717	0.000225466381379168	0.0024335653070905	5.32905052408504e-07	1.72547897604974e-05
Adipose Subcutaneous	ENSG00000270225.1	rs62386385	0.0661012	rs62386385	38	0.9959737692469	0.000254183379747611	0.00374585382247397	9.3071996103563e-07	2.52628309177095e-05
Adipose Subcutaneous	ENSG00000173930.8	rs17154889	0.0812456	rs17154889	7231	1.12460003134588e-10	0.532297419470024	8.8103662817593e-11	0.416962874525889	0.0507397058035239
Adipose Subcutaneous	ENSG00000175749.11	rs154258	-0.779469	rs154258	6531	3.51000991114363e-41	1.65754818367323e-31	1.97845238141854e-10	0.93422792917873	0.0657720706234232
Adipose Subcutaneous	ENSG00000226221.1	rs459193	0.0322735	rs459193	6837	1.48361489555618e-41	0.573395085316775	1.00814245961081e-41	0.389595052589871	0.0370098620933517
Adipose Subcutaneous	ENSG00000095015.5	rs459193	0.0737418	rs459193	6534	5.88775492682966e-42	0.227089227983883	1.841551158378e-41	0.71021896231151	0.0626918097046056
Adipose Subcutaneous	ENSG00000271828.1	rs459193	-0.0795415	rs459193	6235	1.26025574053989e-41	0.486103838073786	1.2016402599554e-41	0.463444316365582	0.0504518455606345
Adipose Subcutaneous	ENSG00000250961.1	rs459193	-0.0311473	rs459193	4604	1.70382155408389e-41	0.656760445836381	7.90574614080617e-42	0.304698850818675	0.038540703344949
Adipose Subcutaneous	ENSG00000249436.1	rs6872807	0.0153422	rs6872807	3611	0.00426961925319081	0.35402305455085	0.00743055067893101	0.616099113448642	0.018177662068386
Adipose Subcutaneous	ENSG00000253476.1	rs11992444	0.0437154	rs11992444	6666	1.38481496347907e-24	0.54402569275123	1.05780919034862e-24	0.415520753361623	0.0404535538871485
Adipose Visceral_Omentum	ENSG00000267714.1	rs3786897	-0.0315898	rs3786897	7203	1.11782661848144e-53	0.386941772963969	1.7057950615579e-53	0.590447641705726	0.0226105853303113
Adipose Visceral_Omentum	ENSG00000270212.1	rs3786897	0.0103292	rs3786897	7175	1.70142811169189e-53	0.588827520633439	1.10454051325872e-53	0.382228671069463	0.0289438082971039
Adipose Visceral_Omentum	ENSG00000245848.2	rs3786897	-0.00830535	rs3786897	7173	1.62133609886586e-53	0.561122883434304	1.18523924753542e-53	0.410166846716648	0.0287102698490552
Adipose Visceral_Omentum	ENSG00000267296.2	rs3786897	0.00761392	rs3786897	7173	1.85694234837171e-54	0.0642663076223662	2.69438599173685e-53	0.932487949528723	0.00324574284891104
Adipose Visceral_Omentum	ENSG00000267130.1	rs3786897	0.0505521	rs3786897	7179	1.6712104799393e-53	0.578391619678851	1.10235442721273e-53	0.381475283584273	0.0401330967368752
Adipose Visceral_Omentum	ENSG00000230587.1	rs6752964	-0.113928	rs6752964	6941	3.24772630560683e-06	0.48036480225684	3.15758357298267e-06	0.466979318714826	0.052649473718456
Adipose Visceral_Omentum	ENSG00000234936.1	rs74907855	0.421073	rs74907855	6911	1.87927426836831e-07	0.0277831878561569	4.37816543569873e-06	0.646942640207899	0.325269605843082
Adipose Visceral_Omentum	ENSG00000229695.1	rs6752964	-0.103858	rs6752964	7295	3.39705277191927e-06	0.502186853714952	2.97820981520486e-06	0.440211637409314	0.0575951336131456
Adipose Visceral_Omentum	ENSG00000143921.6	rs74907855	-0.104887	rs74907855	7191	1.54742990302918e-06	0.228723926513619	5.0638123750518e-06	0.748453769438988	0.0228156928051139
Adipose Visceral_Omentum	ENSG00000270307.1	rs62386385	0.00356711	rs62386385	38	0.995482133312638	0.000254057908889608	0.00424061429390433	1.0601166980848e-06	2.21343678701591e-05
Adipose Visceral_Omentum	ENSG00000270225.1	rs62386385	-0.0205692	rs62386385	38	0.995769582831359	0.0002541312691451	0.00395155390181443	9.84732432743525e-07	2.37472652484586e-05
Adipose Visceral_Omentum	ENSG00000271207.1	rs62386385	0.0190396	rs62386385	39	0.995024249045362	0.000261168400956454	0.00468806087337996	1.20517950275219e-06	2.53165007993238e-05
Adipose Visceral_Omentum	ENSG00000270906.1	rs62386385	0.0130565	rs62386385	32	0.997016321017914	0.000225397009158931	0.00273984989650794	6.01571564297553e-07	1.78305048549348e-05
Adipose Visceral_Omentum	ENSG00000174132.8	rs111299306	0.0877857	rs111299306	1733	0.842420103362491	0.0205348478983788	0.131853564458459	0.0032120855080432	0.00197939877262779
Adipose Visceral_Omentum	ENSG00000173930.8	rs17154889	0.0378056	rs17154889	7231	1.24308570925548e-10	0.588379243085091	7.88418272347377e-11	0.373136867467694	0.0384838892440631
Adipose Visceral_Omentum	ENSG00000175749.11	rs3776863	0.644578	rs3776863	6531	6.49102582961124e-24	3.06528709217877e-14	1.88660193531012e-10	0.890809550623196	0.109190449188111
Adipose Visceral_Omentum	ENSG00000226221.1	rs459193	0.0170913	rs459193	6837	1.55491760557133e-41	0.600952521963518	9.48656160685037e-42	0.366609054474341	0.0324384235621418
Adipose Visceral_Omentum	ENSG00000095015.5	rs459193	-0.0194978	rs459193	6534	1.4139962426956e-41	0.545374797552517	1.09483069325701e-41	0.42224106303117	0.0323841394163108
Adipose Visceral_Omentum	ENSG00000271828.1	rs459193	-0.0134835	rs459193	6235	2.54330701714936e-42	0.0981000334032726	2.32494107629418e-41	0.896767438408768	0.00513252818796594
Adipose Visceral_Omentum	ENSG00000250961.1	rs459193	-0.023127	rs459193	4604	1.74648159133117e-41	0.673204318737722	7.50438310392292e-42	0.28922875801825	0.0375669232440206
Adipose Visceral_Omentum	ENSG00000249436.1	rs6872807	-0.00889585	rs6872807	3611	0.00870298838334279	0.721623720637154	0.00275948997436086	0.22876986253555	0.0381439384695932
Adipose Visceral_Omentum	ENSG00000253476.1	rs11992444	0.0153771	rs11992444	6666	1.34675616894225e-24	0.529074264142202	1.12972968588474e-24	0.443788094858378	0.0271376409994202
Liver	ENSG00000245848.2	rs3786897	-0.0137685	rs3786897	7167	1.52792078600933e-53	0.528793099529523	1.25921066558716e-53	0.435760647964907	0.0354462525055731
Liver	ENSG00000267296.2	rs3786897	-0.0259819	rs3786897	7167	1.57930770462301e-53	0.546577429854636	1.19497548374647e-53	0.413525253244657	0.0398973169007041
Liver	ENSG00000267130.1	rs3786897	-0.0161607	rs3786897	7173	1.5876488511875e-53	0.549471671725437	1.19634461486293e-53	0.414008106205733	0.0365202220688338
Liver	ENSG00000230587.1	rs6752964	-0.242754	rs6752964	6936	3.61929596370881e-06	0.535324958965315	2.65306371436777e-06	0.392338580183954	0.0723301884910528
Liver	ENSG00000234936.1	rs74907855	0.354815	rs74907855	6905	2.53457909123668e-06	0.374713574724826	2.85019927725545e-06	0.421170927482439	0.204110113014366
Liver	ENSG00000143921.6	rs6752964	-0.0396374	rs6752964	7186	3.81534054006155e-06	0.563943624549588	2.63027114669745e-06	0.388731777302158	0.0473181525365671
Liver	ENSG00000270307.1	rs62386385	-0.157026	rs62386385	38	0.996335431612556	0.000254275679931882	0.00338532756175156	8.39847255560482e-07	2.41252985052833e-05
Liver	ENSG00000270225.1	rs62386385	-0.0760852	rs62386385	38	0.996522650794127	0.000254323460311039	0.0032002807186039	7.94796348782027e-07	2.19502306092592e-05
Liver	ENSG00000271207.1	rs62386385	0.0430714	rs62386385	39	0.995484606705701	0.000261289233060932	0.00422614049643986	1.08237253369356e-06	2.68811922648268e-05
Liver	ENSG00000270906.1	rs62386385	-0.03592	rs62386385	32	0.997092112476916	0.000225414143450335	0.00266285419915486	5.82959312570937e-07	1.90362211661893e-05
Liver	ENSG00000174132.8	rs111299306	-0.0923987	rs111299306	1733	0.839099303813604	0.0204539000276368	0.135124319782572	0.00329176218442457	0.00203071419176297
Liver	ENSG00000173930.8	rs17154889	0.0209671	rs17154889	7230	1.19609979303654e-10	0.566139796897594	8.29243921486533e-11	0.392457607957607	0.0414025949422628
Liver	ENSG00000226221.1	rs459193	0.00637392	rs459193	6836	1.48024203225089e-41	0.572091520616319	1.00327017718746e-41	0.38770879592059	0.040199683463096
Liver	ENSG00000095015.5	rs459193	-0.0195405	rs459193	6533	1.5152529618216e-41	0.584429255746935	9.6892225739162e-42	0.373668975577689	0.0419017686753713
Liver	ENSG00000271828.1	rs459193	-0.0495804	rs459193	6234	1.5311959424213e-41	0.590610457290683	9.48206595158281e-42	0.365697043390378	0.0436924993189447
Liver	ENSG00000249198.1	rs142989338	0.156203	rs142989338	3063	0.001066118994278	0.00378652700657823	0.218321188203301	0.775408343824655	0.00141782197118805
Liver	ENSG00000253476.1	rs11992444	-0.0558921	rs11992444	6663	1.45881515961925e-24	0.573096730544675	9.8183655685715e-25	0.385674066496971	0.0412292029583565
Muscle Skeletal	ENSG00000245848.2	rs3786897	-0.0248348	rs3786897	7173	1.19438214499001e-57	4.13359792326867e-05	2.8893234849303e-53	0.999956469614639	2.19440613992706e-06
Muscle Skeletal	ENSG00000267296.2	rs7251505	0.478984	rs7251505	7173	1.97894639671206e-65	6.8488705646026e-13	2.88944736262914e-53	0.999999343578383	6.56420938186855e-07
Muscle Skeletal	ENSG00000267130.1	rs3786897	-0.074178	rs3786897	7179	1.19630115398353e-53	0.414029573403193	1.48757279927145e-53	0.514764987301714	0.0712054392950869
Muscle Skeletal	ENSG00000230587.1	rs74907855	-0.0898799	rs74907855	6941	3.9149826021205e-06	0.579057367075516	2.46651921279358e-06	0.364761825129523	0.0561744262931467
Muscle Skeletal	ENSG00000234936.1	rs6752964	-0.0805192	rs6752964	6911	3.70140588695419e-06	0.547215788669432	2.77809487223132e-06	0.410671396299956	0.0421063355298537
Muscle Skeletal	ENSG00000270307.1	rs62386385	0.138083	rs62386385	38	0.994883429619903	0.000253905113170699	0.00482642209340765	1.19670914774592e-06	3.50464643707862e-05
Muscle Skeletal	ENSG00000270230.1	rs62386385	-0.0793969	rs62386385	18	0.998022489828063	0.000153480215785103	0.00181026184142232	2.64886668841601e-07	1.35032280603214e-05
Muscle Skeletal	ENSG00000270906.1	rs62386385	0.103163	rs62386385	32	0.997224209701928	0.000225444006872636	0.00252956547735619	5.51633567653881e-07	2.0229180275524e-05
Muscle Skeletal	ENSG00000270225.1	rs62386385	0.0256276	rs62386385	38	0.995714785475982	0.000254117284261742	0.00400582569394613	9.98056963024791e-07	2.42734888474144e-05
Muscle Skeletal	ENSG00000271207.1	rs62386385	-0.00341899	rs62386385	39	0.996743584412023	0.000261619682489391	0.00297483020359765	7.61612708132998e-07	1.92040891821995e-05
Muscle Skeletal	ENSG00000174132.8	rs111299306	-0.00862135	rs111299306	1733	0.738446241309204	0.0180003791289974	0.235689152706766	0.00574304192646104	0.00212118492857181
Muscle Skeletal	ENSG00000175749.11	rs34831	0.534244	rs34831	6531	2.52691438890716e-37	1.1932964469226e-27	1.94034731849314e-10	0.916215386865926	0.0837846129400449
Muscle Skeletal	ENSG00000226221.1	rs459193	0.0577407	rs459193	6837	1.48328775242563e-41	0.573268649363743	8.6660046866196e-42	0.334836293620755	0.0918950570155004
Muscle Skeletal	ENSG00000095015.5	rs459193	0.00529052	rs459193	6534	1.56178939105918e-41	0.602378243484435	9.60611115911382e-42	0.370478149864382	0.0271436066511861
Muscle Skeletal	ENSG00000271828.1	rs459193	-0.0106051	rs459193	6235	8.41352344883478e-48	3.24525087142257e-07	2.59256400441739e-41	0.999999660736137	1.4738781537303e-08
Muscle Skeletal	ENSG00000253476.1	rs11992444	0.0193124	rs11992444	6666	1.4004908459025e-24	0.550183976001914	1.08366835773192e-24	0.425695881862021	0.0241201421360658
Pancreas	ENSG00000245848.2	rs3786897	0.0298755	rs3786897	7173	1.66816769203027e-53	0.57733067564384	1.11633078613027e-53	0.38631089555393	0.0363584288022296
Pancreas	ENSG00000267296.2	rs3786897	-0.0928642	rs3786897	7173	2.31962286611545e-54	0.0802790656437812	2.52921777399079e-53	0.875284232762901	0.0444367015933166
Pancreas	ENSG00000230587.1	rs74907855	-0.22734	rs74907855	6940	3.47678288180345e-06	0.514244110119034	2.43193679351196e-06	0.359576809372979	0.126173171788312
Pancreas	ENSG00000234936.1	rs74907855	0.204762	rs74907855	6911	3.63539235504864e-06	0.537456349140828	2.70042873068941e-06	0.399167972136857	0.0633693429012291
Pancreas	ENSG00000270307.1	rs62386385	0.0931749	rs62386385	38	0.995284327584271	0.000254007426708127	0.00443452400229024	1.10570365752821e-06	2.60352830729588e-05
Pancreas	ENSG00000174132.8	rs111299306	-0.0411476	rs111299306	1733	0.837303876892328	0.0204101346680569	0.137028051248436	0.00333827863320466	0.00191965855797378
Pancreas	ENSG00000270906.1	rs62386385	0.0446254	rs62386385	32	0.996834559566215	0.000225355918068715	0.00291995856728154	6.40634198412024e-07	1.94853142367869e-05
Pancreas	ENSG00000173930.8	rs17154889	-0.135084	rs17154889	7231	8.74723189513914e-11	0.414025327717284	9.89006792053433e-11	0.468000244116207	0.117974427980134
Pancreas	ENSG00000226221.1	rs459193	0.0446222	rs459193	6837	1.51602255515921e-41	0.585920163622915	9.62750447562925e-42	0.372046691950343	0.0420331444267358
Pancreas	ENSG00000095015.5	rs459193	0.00502658	rs459193	6534	1.14510566174959e-41	0.441664376181349	1.37770856895434e-41	0.531351749103718	0.0269838747149292
Pancreas	ENSG00000271828.1	rs459193	0.00279253	rs459193	6235	1.41334667692267e-41	0.545153830354001	1.09322287608307e-41	0.421642984305291	0.0332031853407121
Pancreas	ENSG00000253476.1	rs11992444	0.130764	rs11992444	6666	1.35885061749689e-24	0.533825578163862	9.04475908467147e-25	0.355213140246341	0.110961281589794
