GENE	lead_snp	lead_snp_effect	nsnps	PPH0	PPH1	PPH2	PPH3	PPH4
LRP3	rs12975090	0.275646	1812	3.65918831533992e-55	0.0127168425621324	2.83503298033619e-53	0.985262058321181	0.00202109911668992
CTD-2540B15.13	rs2042264	0.136107	1814	9.68644568810654e-54	0.336209400540041	1.7960430275848e-53	0.623352878146682	0.040437721313271
CTD-2540B15.6	rs17694108	0.194189	1808	1.60393181945672e-53	0.556418225437932	1.16516044530052e-53	0.404165113394345	0.0394166611677277
SLC7A10	rs55779678	0.0969683	1802	6.14979409028482e-55	0.0213241700057066	2.81548130104308e-53	0.976254686491613	0.00242114350268021
CTD-2540B15.12	rs56287732	0.083032	1765	1.31485025712668e-53	0.455316351892922	3.58597365899731e-54	0.123756897724234	0.42092675038285
CTD-2540B15.11	rs77949641	0.337032	1768	1.5905589855882e-53	0.550559572646553	1.1882724694412e-53	0.411273069062958	0.0381673582904921
CTD-2540B15.7	rs79955346	0.501707	1769	1.75984405737121e-53	0.609117461259776	1.05407846487246e-53	0.364811708859989	0.0260708298802307
AC008738.1	rs7251758	0.0637825	1766	1.30731051046178e-53	0.452441401508174	1.48471627120212e-53	0.513805235315489	0.0337533631763411
CEBPA	rs145852769	0.463559	1767	1.26184598563845e-53	0.436714091261353	1.52696609417403e-53	0.528435039905282	0.0348508688333641
CEBPA-AS1	rs55814900	0.336614	1765	1.39183578740905e-57	4.81685187462931e-05	2.88923752869383e-53	0.99990449112858	4.73403526848506e-05
CTD-2540B15.9	rs74334153	-0.399929	1765	2.30553398160216e-53	0.797875322331808	4.8015185071811e-54	0.166129984953222	0.0359946927149645
CEBPG	rs17530976	-0.538361	1788	8.19733942173438e-57	0.000282191930416016	2.9040076706995e-53	0.999699382046312	1.84260232649061e-05
PEPD	rs6510385	-0.213196	1794	8.74914808077711e-77	3.00971961471983e-24	2.90696450193806e-53	1	2.65665833467123e-21
AC093609.1	rs10210507	-0.0213014	1610	0.00114404839975117	0.787387936421653	0.000227761304416272	0.156701507168868	0.0545387467053111
ZFP36L2	rs114012326	0.0480617	1442	2.69894099510705e-05	0.818312143251469	4.13908097794613e-06	0.125439680502244	0.056217047755358
AC010883.5	rs13423972	0.0132326	1441	6.15137513873665e-11	1.97473140560662e-06	3.06192766381949e-05	0.982931424007771	0.0170359819226709
THADA	rs6748277	-0.146049	1574	4.57995473472751e-06	0.674088087425514	1.8657457118506e-06	0.274553317846374	0.0513521490276646
PLEKHH2	rs9284744	-0.265407	1749	1.57974138703817e-25	2.22948876597968e-20	7.08561618086808e-06	0.999992897865805	1.65180149635664e-08
AC011242.6	rs72796751	0.120084	1743	5.64491257187845e-06	0.734881155887127	1.48828641581389e-06	0.193680664777815	0.0714310461360702
DYNC2LI1	rs76218686	0.429368	1869	1.69925799189617e-10	1.67887110368006e-05	1.01210904266569e-05	0.999966233472032	6.85655657831653e-06
ABCG5	rs12477013	-0.139324	1879	4.14754582206741e-06	0.0459641678507853	8.56726756166502e-05	0.949442087193743	0.00450392473403256
ABCG8	rs80144434	-0.115684	1879	2.7717689605221e-16	3.07174553846228e-12	9.02261616584345e-05	0.999909492444393	2.81390878664637e-07
LRPPRC	rs547786421	-0.44305	1770	4.44648875003528e-12	1.33193832202168e-10	0.032257356301449	0.966262271552842	0.00148037200806924
AC022431.1	rs112307065	-0.345565	1866	2.17485911597222e-41	0.835717687142069	3.34769922240012e-42	0.12860398531066	0.0356783275472647
MAP3K1	rs831819	0.163171	1630	1.30676481223735e-30	0.815130194293235	1.72544437325503e-31	0.107551981192615	0.0773178245141508
AC008937.2	rs1573998	-0.0716471	1539	0.00915840021448804	0.759671295541186	0.00203405492860574	0.168660382211518	0.0604758671042013
SETD9	rs76482628	-0.400632	1505	8.93835373711962e-20	7.41855522571322e-18	0.0118995109039534	0.987621866567871	0.000478622528178875
CTD-2310F14.1	rs62356624	-0.214175	1490	0.000308904893370597	0.00110695794153936	0.215189631771393	0.771117857378372	0.0122766480153249
MIER3	rs1544792	0.0538276	1431	0.185444013676216	0.655927225285799	0.0235351466743372	0.0831934046602922	0.0519002097033558
GPBP1	rs76942018	-0.189042	1346	0.19278447755901	0.559422418458802	0.0510445048910834	0.148072379670369	0.0486762194207346
CTD-2023N9.1	rs13166423	-0.121584	1268	0.0764697752508396	0.00124541954835018	0.874345829693112	0.0142062383461365	0.0337327371615613
CTD-2023N9.2	rs1874179	-0.414224	1239	1.12709293168971e-06	1.59984283369213e-08	0.968152374252633	0.0137242373625166	0.0181222452934905
CTD-2023N9.3	rs112395401	-0.585659	1170	8.95782222216771e-15	1.20267104556784e-16	0.958414497341597	0.0128388604280768	0.0287466422303142
ST8SIA4	rs115968782	0.102005	318	0.967283332446759	0.0066456987744104	0.0253079411864789	0.000173287911348501	0.000589739681002787
AC008948.1	rs1376913	-0.0887569	1718	0.00100823473786443	0.67923953859244	0.000393157364055347	0.264812370226254	0.0545466990793865
SLCO4C1	rs76101350	0.429183	1608	8.6173580777331e-05	0.614032489607326	4.80430037043337e-05	0.342288349665328	0.0435449441428641
SLCO6A1	rs140794573	0.198728	1508	2.31463220783776e-09	0.00458029427696713	3.86523779222259e-07	0.764639184040536	0.230780132844085
PAM	rs1857803	-0.0532382	1210	1.21066552192748e-10	0.555996453566985	8.70705652523562e-11	0.399826179999768	0.0441773662251109
EIF3KP1	rs3749668	-0.256506	865	7.01755901811881e-30	3.29270422811989e-20	1.87747033538266e-10	0.880807422435449	0.11919257737681
PPIP5K2	rs7721530	-0.557998	796	2.2537899618796e-20	1.05112278892504e-10	8.80577762990111e-11	0.410094039640348	0.589905960166483
GIN1	rs7721530	0.362886	796	3.51051128841128e-13	0.00163723260749212	9.3949930431792e-11	0.437603020219452	0.560759747078753
C5orf30	rs2561477	-0.0878648	909	7.92571116297786e-09	0.872577654258193	7.18818051300989e-10	0.0790896217400763	0.0483327153572004
NUDT12	rs147253760	0.213799	1319	3.88762752405866e-12	1.29360321324324e-08	0.000300429134235397	0.999674174353178	2.53835726657856e-05
DOCK5	rs17053092	0.00270168	1364	0.203396174711106	0.523990237835942	0.0526130090241152	0.135457352539692	0.0845432258891446
GNRH1	rs7821596	-0.102309	1288	2.19266178344045e-24	0.859566655100943	2.55897673187279e-25	0.100276777238961	0.0401565676600966
RP11-395I14.2	rs34195909	-0.218587	1293	1.8548389739315e-24	0.727111726484616	2.58796456814985e-25	0.101278673236939	0.171609600278448
KCTD9	rs2666168	0.193173	1268	2.21911708803149e-24	0.8697290104707	2.24401256359477e-25	0.0879062539716407	0.0423647355576578
CDCA2	rs4056996	-0.180467	1268	2.00356249584803e-24	0.785210700277822	4.52243520359843e-25	0.177199932323962	0.0375893673982166
EBF2	rs2976309	0.0527939	1673	2.54228596974762e-09	0.757377220595071	6.51447376948385e-10	0.19402532247042	0.0485974537407738
